Microsoft Windows [Version 10.0.17134.165]
(c) 2018 Microsoft Corporation. All rights reserved.

C:\me\Haskell\CollatzExpansion>ghc -O CollatzExpansion
[1 of 1] Compiling Main             ( CollatzExpansion.hs, CollatzExpansion.o )
Linking CollatzExpansion.exe ...

C:\me\Haskell\CollatzExpansion>CollatzExpansion 10
n=10
("0",[2,4,6,8,10,12,14,16,18,20,22,24,26,28,30,32,34,36,38,40,42,44,46,48,50,52,54,56,58,60,62,64,66,68,70,72,74,76,78,80,82,84,86,88,90,92,94,96,98,100,102,104,106,108,110,112,114,116,118,120,122,124,126,128,130,132,134,136,138,140,142,144,146,148,150,152,154,156,158,160,162,164,166,168,170,172,174,176,178,180,182,184,186,188,190,192,194,196,198,200,202,204,206,208,210,212,214,216,218,220,222,224,226,228,230,232,234,236,238,240,242,244,246,248,250,252,254,256,258,260,262,264,266,268,270,272,274,276,278,280,282,284,286,288,290,292,294,296,298,300,302,304,306,308,310,312,314,316,318,320,322,324,326,328,330,332,334,336,338,340,342,344,346,348,350,352,354,356,358,360,362,364,366,368,370,372,374,376,378,380,382,384,386,388,390,392,394,396,398,400,402,404,406,408,410,412,414,416,418,420,422,424,426,428,430,432,434,436,438,440,442,444,446,448,450,452,454,456,458,460,462,464,466,468,470,472,474,476,478,480,482,484,486,488,490,492,494,496,498,500,502,504,506,508,510,512,514,516,518,520,522,524,526,528,530,532,534,536,538,540,542,544,546,548,550,552,554,556,558,560,562,564,566,568,570,572,574,576,578,580,582,584,586,588,590,592,594,596,598,600,602,604,606,608,610,612,614,616,618,620,622,624,626,628,630,632,634,636,638,640,642,644,646,648,650,652,654,656,658,660,662,664,666,668,670,672,674,676,678,680,682,684,686,688,690,692,694,696,698,700,702,704,706,708,710,712,714,716,718,720,722,724,726,728,730,732,734,736,738,740,742,744,746,748,750,752,754,756,758,760,762,764,766,768,770,772,774,776,778,780,782,784,786,788,790,792,794,796,798,800,802,804,806,808,810,812,814,816,818,820,822,824,826,828,830,832,834,836,838,840,842,844,846,848,850,852,854,856,858,860,862,864,866,868,870,872,874,876,878,880,882,884,886,888,890,892,894,896,898,900,902,904,906,908,910,912,914,916,918,920,922,924,926,928,930,932,934,936,938,940,942,944,946,948,950,952,954,956,958,960,962,964,966,968,970,972,974,976,978,980,982,984,986,988,990,992,994,996,998,1000,1002,1004,1006,1008,1010,1012,1014,1016,1018,1020,1022,1024])
("1",[1,3,5,7,9,11,13,15,17,19,21,23,25,27,29,31,33,35,37,39,41,43,45,47,49,51,53,55,57,59,61,63,65,67,69,71,73,75,77,79,81,83,85,87,89,91,93,95,97,99,101,103,105,107,109,111,113,115,117,119,121,123,125,127,129,131,133,135,137,139,141,143,145,147,149,151,153,155,157,159,161,163,165,167,169,171,173,175,177,179,181,183,185,187,189,191,193,195,197,199,201,203,205,207,209,211,213,215,217,219,221,223,225,227,229,231,233,235,237,239,241,243,245,247,249,251,253,255,257,259,261,263,265,267,269,271,273,275,277,279,281,283,285,287,289,291,293,295,297,299,301,303,305,307,309,311,313,315,317,319,321,323,325,327,329,331,333,335,337,339,341,343,345,347,349,351,353,355,357,359,361,363,365,367,369,371,373,375,377,379,381,383,385,387,389,391,393,395,397,399,401,403,405,407,409,411,413,415,417,419,421,423,425,427,429,431,433,435,437,439,441,443,445,447,449,451,453,455,457,459,461,463,465,467,469,471,473,475,477,479,481,483,485,487,489,491,493,495,497,499,501,503,505,507,509,511,513,515,517,519,521,523,525,527,529,531,533,535,537,539,541,543,545,547,549,551,553,555,557,559,561,563,565,567,569,571,573,575,577,579,581,583,585,587,589,591,593,595,597,599,601,603,605,607,609,611,613,615,617,619,621,623,625,627,629,631,633,635,637,639,641,643,645,647,649,651,653,655,657,659,661,663,665,667,669,671,673,675,677,679,681,683,685,687,689,691,693,695,697,699,701,703,705,707,709,711,713,715,717,719,721,723,725,727,729,731,733,735,737,739,741,743,745,747,749,751,753,755,757,759,761,763,765,767,769,771,773,775,777,779,781,783,785,787,789,791,793,795,797,799,801,803,805,807,809,811,813,815,817,819,821,823,825,827,829,831,833,835,837,839,841,843,845,847,849,851,853,855,857,859,861,863,865,867,869,871,873,875,877,879,881,883,885,887,889,891,893,895,897,899,901,903,905,907,909,911,913,915,917,919,921,923,925,927,929,931,933,935,937,939,941,943,945,947,949,951,953,955,957,959,961,963,965,967,969,971,973,975,977,979,981,983,985,987,989,991,993,995,997,999,1001,1003,1005,1007,1009,1011,1013,1015,1017,1019,1021,1023])
("00",[4,8,12,16,20,24,28,32,36,40,44,48,52,56,60,64,68,72,76,80,84,88,92,96,100,104,108,112,116,120,124,128,132,136,140,144,148,152,156,160,164,168,172,176,180,184,188,192,196,200,204,208,212,216,220,224,228,232,236,240,244,248,252,256,260,264,268,272,276,280,284,288,292,296,300,304,308,312,316,320,324,328,332,336,340,344,348,352,356,360,364,368,372,376,380,384,388,392,396,400,404,408,412,416,420,424,428,432,436,440,444,448,452,456,460,464,468,472,476,480,484,488,492,496,500,504,508,512,516,520,524,528,532,536,540,544,548,552,556,560,564,568,572,576,580,584,588,592,596,600,604,608,612,616,620,624,628,632,636,640,644,648,652,656,660,664,668,672,676,680,684,688,692,696,700,704,708,712,716,720,724,728,732,736,740,744,748,752,756,760,764,768,772,776,780,784,788,792,796,800,804,808,812,816,820,824,828,832,836,840,844,848,852,856,860,864,868,872,876,880,884,888,892,896,900,904,908,912,916,920,924,928,932,936,940,944,948,952,956,960,964,968,972,976,980,984,988,992,996,1000,1004,1008,1012,1016,1020,1024])
("01",[2,6,10,14,18,22,26,30,34,38,42,46,50,54,58,62,66,70,74,78,82,86,90,94,98,102,106,110,114,118,122,126,130,134,138,142,146,150,154,158,162,166,170,174,178,182,186,190,194,198,202,206,210,214,218,222,226,230,234,238,242,246,250,254,258,262,266,270,274,278,282,286,290,294,298,302,306,310,314,318,322,326,330,334,338,342,346,350,354,358,362,366,370,374,378,382,386,390,394,398,402,406,410,414,418,422,426,430,434,438,442,446,450,454,458,462,466,470,474,478,482,486,490,494,498,502,506,510,514,518,522,526,530,534,538,542,546,550,554,558,562,566,570,574,578,582,586,590,594,598,602,606,610,614,618,622,626,630,634,638,642,646,650,654,658,662,666,670,674,678,682,686,690,694,698,702,706,710,714,718,722,726,730,734,738,742,746,750,754,758,762,766,770,774,778,782,786,790,794,798,802,806,810,814,818,822,826,830,834,838,842,846,850,854,858,862,866,870,874,878,882,886,890,894,898,902,906,910,914,918,922,926,930,934,938,942,946,950,954,958,962,966,970,974,978,982,986,990,994,998,1002,1006,1010,1014,1018,1022])
("10",[1,5,9,13,17,21,25,29,33,37,41,45,49,53,57,61,65,69,73,77,81,85,89,93,97,101,105,109,113,117,121,125,129,133,137,141,145,149,153,157,161,165,169,173,177,181,185,189,193,197,201,205,209,213,217,221,225,229,233,237,241,245,249,253,257,261,265,269,273,277,281,285,289,293,297,301,305,309,313,317,321,325,329,333,337,341,345,349,353,357,361,365,369,373,377,381,385,389,393,397,401,405,409,413,417,421,425,429,433,437,441,445,449,453,457,461,465,469,473,477,481,485,489,493,497,501,505,509,513,517,521,525,529,533,537,541,545,549,553,557,561,565,569,573,577,581,585,589,593,597,601,605,609,613,617,621,625,629,633,637,641,645,649,653,657,661,665,669,673,677,681,685,689,693,697,701,705,709,713,717,721,725,729,733,737,741,745,749,753,757,761,765,769,773,777,781,785,789,793,797,801,805,809,813,817,821,825,829,833,837,841,845,849,853,857,861,865,869,873,877,881,885,889,893,897,901,905,909,913,917,921,925,929,933,937,941,945,949,953,957,961,965,969,973,977,981,985,989,993,997,1001,1005,1009,1013,1017,1021])
("11",[3,7,11,15,19,23,27,31,35,39,43,47,51,55,59,63,67,71,75,79,83,87,91,95,99,103,107,111,115,119,123,127,131,135,139,143,147,151,155,159,163,167,171,175,179,183,187,191,195,199,203,207,211,215,219,223,227,231,235,239,243,247,251,255,259,263,267,271,275,279,283,287,291,295,299,303,307,311,315,319,323,327,331,335,339,343,347,351,355,359,363,367,371,375,379,383,387,391,395,399,403,407,411,415,419,423,427,431,435,439,443,447,451,455,459,463,467,471,475,479,483,487,491,495,499,503,507,511,515,519,523,527,531,535,539,543,547,551,555,559,563,567,571,575,579,583,587,591,595,599,603,607,611,615,619,623,627,631,635,639,643,647,651,655,659,663,667,671,675,679,683,687,691,695,699,703,707,711,715,719,723,727,731,735,739,743,747,751,755,759,763,767,771,775,779,783,787,791,795,799,803,807,811,815,819,823,827,831,835,839,843,847,851,855,859,863,867,871,875,879,883,887,891,895,899,903,907,911,915,919,923,927,931,935,939,943,947,951,955,959,963,967,971,975,979,983,987,991,995,999,1003,1007,1011,1015,1019,1023])
("000",[8,16,24,32,40,48,56,64,72,80,88,96,104,112,120,128,136,144,152,160,168,176,184,192,200,208,216,224,232,240,248,256,264,272,280,288,296,304,312,320,328,336,344,352,360,368,376,384,392,400,408,416,424,432,440,448,456,464,472,480,488,496,504,512,520,528,536,544,552,560,568,576,584,592,600,608,616,624,632,640,648,656,664,672,680,688,696,704,712,720,728,736,744,752,760,768,776,784,792,800,808,816,824,832,840,848,856,864,872,880,888,896,904,912,920,928,936,944,952,960,968,976,984,992,1000,1008,1016,1024])
("001",[4,12,20,28,36,44,52,60,68,76,84,92,100,108,116,124,132,140,148,156,164,172,180,188,196,204,212,220,228,236,244,252,260,268,276,284,292,300,308,316,324,332,340,348,356,364,372,380,388,396,404,412,420,428,436,444,452,460,468,476,484,492,500,508,516,524,532,540,548,556,564,572,580,588,596,604,612,620,628,636,644,652,660,668,676,684,692,700,708,716,724,732,740,748,756,764,772,780,788,796,804,812,820,828,836,844,852,860,868,876,884,892,900,908,916,924,932,940,948,956,964,972,980,988,996,1004,1012,1020])
("010",[2,10,18,26,34,42,50,58,66,74,82,90,98,106,114,122,130,138,146,154,162,170,178,186,194,202,210,218,226,234,242,250,258,266,274,282,290,298,306,314,322,330,338,346,354,362,370,378,386,394,402,410,418,426,434,442,450,458,466,474,482,490,498,506,514,522,530,538,546,554,562,570,578,586,594,602,610,618,626,634,642,650,658,666,674,682,690,698,706,714,722,730,738,746,754,762,770,778,786,794,802,810,818,826,834,842,850,858,866,874,882,890,898,906,914,922,930,938,946,954,962,970,978,986,994,1002,1010,1018])
("011",[6,14,22,30,38,46,54,62,70,78,86,94,102,110,118,126,134,142,150,158,166,174,182,190,198,206,214,222,230,238,246,254,262,270,278,286,294,302,310,318,326,334,342,350,358,366,374,382,390,398,406,414,422,430,438,446,454,462,470,478,486,494,502,510,518,526,534,542,550,558,566,574,582,590,598,606,614,622,630,638,646,654,662,670,678,686,694,702,710,718,726,734,742,750,758,766,774,782,790,798,806,814,822,830,838,846,854,862,870,878,886,894,902,910,918,926,934,942,950,958,966,974,982,990,998,1006,1014,1022])
("100",[5,13,21,29,37,45,53,61,69,77,85,93,101,109,117,125,133,141,149,157,165,173,181,189,197,205,213,221,229,237,245,253,261,269,277,285,293,301,309,317,325,333,341,349,357,365,373,381,389,397,405,413,421,429,437,445,453,461,469,477,485,493,501,509,517,525,533,541,549,557,565,573,581,589,597,605,613,621,629,637,645,653,661,669,677,685,693,701,709,717,725,733,741,749,757,765,773,781,789,797,805,813,821,829,837,845,853,861,869,877,885,893,901,909,917,925,933,941,949,957,965,973,981,989,997,1005,1013,1021])
("101",[1,9,17,25,33,41,49,57,65,73,81,89,97,105,113,121,129,137,145,153,161,169,177,185,193,201,209,217,225,233,241,249,257,265,273,281,289,297,305,313,321,329,337,345,353,361,369,377,385,393,401,409,417,425,433,441,449,457,465,473,481,489,497,505,513,521,529,537,545,553,561,569,577,585,593,601,609,617,625,633,641,649,657,665,673,681,689,697,705,713,721,729,737,745,753,761,769,777,785,793,801,809,817,825,833,841,849,857,865,873,881,889,897,905,913,921,929,937,945,953,961,969,977,985,993,1001,1009,1017])
("110",[3,11,19,27,35,43,51,59,67,75,83,91,99,107,115,123,131,139,147,155,163,171,179,187,195,203,211,219,227,235,243,251,259,267,275,283,291,299,307,315,323,331,339,347,355,363,371,379,387,395,403,411,419,427,435,443,451,459,467,475,483,491,499,507,515,523,531,539,547,555,563,571,579,587,595,603,611,619,627,635,643,651,659,667,675,683,691,699,707,715,723,731,739,747,755,763,771,779,787,795,803,811,819,827,835,843,851,859,867,875,883,891,899,907,915,923,931,939,947,955,963,971,979,987,995,1003,1011,1019])
("111",[7,15,23,31,39,47,55,63,71,79,87,95,103,111,119,127,135,143,151,159,167,175,183,191,199,207,215,223,231,239,247,255,263,271,279,287,295,303,311,319,327,335,343,351,359,367,375,383,391,399,407,415,423,431,439,447,455,463,471,479,487,495,503,511,519,527,535,543,551,559,567,575,583,591,599,607,615,623,631,639,647,655,663,671,679,687,695,703,711,719,727,735,743,751,759,767,775,783,791,799,807,815,823,831,839,847,855,863,871,879,887,895,903,911,919,927,935,943,951,959,967,975,983,991,999,1007,1015,1023])
("0000",[16,32,48,64,80,96,112,128,144,160,176,192,208,224,240,256,272,288,304,320,336,352,368,384,400,416,432,448,464,480,496,512,528,544,560,576,592,608,624,640,656,672,688,704,720,736,752,768,784,800,816,832,848,864,880,896,912,928,944,960,976,992,1008,1024])
("0001",[8,24,40,56,72,88,104,120,136,152,168,184,200,216,232,248,264,280,296,312,328,344,360,376,392,408,424,440,456,472,488,504,520,536,552,568,584,600,616,632,648,664,680,696,712,728,744,760,776,792,808,824,840,856,872,888,904,920,936,952,968,984,1000,1016])
("0010",[4,20,36,52,68,84,100,116,132,148,164,180,196,212,228,244,260,276,292,308,324,340,356,372,388,404,420,436,452,468,484,500,516,532,548,564,580,596,612,628,644,660,676,692,708,724,740,756,772,788,804,820,836,852,868,884,900,916,932,948,964,980,996,1012])
("0011",[12,28,44,60,76,92,108,124,140,156,172,188,204,220,236,252,268,284,300,316,332,348,364,380,396,412,428,444,460,476,492,508,524,540,556,572,588,604,620,636,652,668,684,700,716,732,748,764,780,796,812,828,844,860,876,892,908,924,940,956,972,988,1004,1020])
("0100",[10,26,42,58,74,90,106,122,138,154,170,186,202,218,234,250,266,282,298,314,330,346,362,378,394,410,426,442,458,474,490,506,522,538,554,570,586,602,618,634,650,666,682,698,714,730,746,762,778,794,810,826,842,858,874,890,906,922,938,954,970,986,1002,1018])
("0101",[2,18,34,50,66,82,98,114,130,146,162,178,194,210,226,242,258,274,290,306,322,338,354,370,386,402,418,434,450,466,482,498,514,530,546,562,578,594,610,626,642,658,674,690,706,722,738,754,770,786,802,818,834,850,866,882,898,914,930,946,962,978,994,1010])
("0110",[6,22,38,54,70,86,102,118,134,150,166,182,198,214,230,246,262,278,294,310,326,342,358,374,390,406,422,438,454,470,486,502,518,534,550,566,582,598,614,630,646,662,678,694,710,726,742,758,774,790,806,822,838,854,870,886,902,918,934,950,966,982,998,1014])
("0111",[14,30,46,62,78,94,110,126,142,158,174,190,206,222,238,254,270,286,302,318,334,350,366,382,398,414,430,446,462,478,494,510,526,542,558,574,590,606,622,638,654,670,686,702,718,734,750,766,782,798,814,830,846,862,878,894,910,926,942,958,974,990,1006,1022])
("1000",[5,21,37,53,69,85,101,117,133,149,165,181,197,213,229,245,261,277,293,309,325,341,357,373,389,405,421,437,453,469,485,501,517,533,549,565,581,597,613,629,645,661,677,693,709,725,741,757,773,789,805,821,837,853,869,885,901,917,933,949,965,981,997,1013])
("1001",[13,29,45,61,77,93,109,125,141,157,173,189,205,221,237,253,269,285,301,317,333,349,365,381,397,413,429,445,461,477,493,509,525,541,557,573,589,605,621,637,653,669,685,701,717,733,749,765,781,797,813,829,845,861,877,893,909,925,941,957,973,989,1005,1021])
("1010",[1,17,33,49,65,81,97,113,129,145,161,177,193,209,225,241,257,273,289,305,321,337,353,369,385,401,417,433,449,465,481,497,513,529,545,561,577,593,609,625,641,657,673,689,705,721,737,753,769,785,801,817,833,849,865,881,897,913,929,945,961,977,993,1009])
("1011",[9,25,41,57,73,89,105,121,137,153,169,185,201,217,233,249,265,281,297,313,329,345,361,377,393,409,425,441,457,473,489,505,521,537,553,569,585,601,617,633,649,665,681,697,713,729,745,761,777,793,809,825,841,857,873,889,905,921,937,953,969,985,1001,1017])
("1100",[3,19,35,51,67,83,99,115,131,147,163,179,195,211,227,243,259,275,291,307,323,339,355,371,387,403,419,435,451,467,483,499,515,531,547,563,579,595,611,627,643,659,675,691,707,723,739,755,771,787,803,819,835,851,867,883,899,915,931,947,963,979,995,1011])
("1101",[11,27,43,59,75,91,107,123,139,155,171,187,203,219,235,251,267,283,299,315,331,347,363,379,395,411,427,443,459,475,491,507,523,539,555,571,587,603,619,635,651,667,683,699,715,731,747,763,779,795,811,827,843,859,875,891,907,923,939,955,971,987,1003,1019])
("1110",[7,23,39,55,71,87,103,119,135,151,167,183,199,215,231,247,263,279,295,311,327,343,359,375,391,407,423,439,455,471,487,503,519,535,551,567,583,599,615,631,647,663,679,695,711,727,743,759,775,791,807,823,839,855,871,887,903,919,935,951,967,983,999,1015])
("1111",[15,31,47,63,79,95,111,127,143,159,175,191,207,223,239,255,271,287,303,319,335,351,367,383,399,415,431,447,463,479,495,511,527,543,559,575,591,607,623,639,655,671,687,703,719,735,751,767,783,799,815,831,847,863,879,895,911,927,943,959,975,991,1007,1023])
("00000",[32,64,96,128,160,192,224,256,288,320,352,384,416,448,480,512,544,576,608,640,672,704,736,768,800,832,864,896,928,960,992,1024])
("00001",[16,48,80,112,144,176,208,240,272,304,336,368,400,432,464,496,528,560,592,624,656,688,720,752,784,816,848,880,912,944,976,1008])
("00010",[8,40,72,104,136,168,200,232,264,296,328,360,392,424,456,488,520,552,584,616,648,680,712,744,776,808,840,872,904,936,968,1000])
("00011",[24,56,88,120,152,184,216,248,280,312,344,376,408,440,472,504,536,568,600,632,664,696,728,760,792,824,856,888,920,952,984,1016])
("00100",[20,52,84,116,148,180,212,244,276,308,340,372,404,436,468,500,532,564,596,628,660,692,724,756,788,820,852,884,916,948,980,1012])
("00101",[4,36,68,100,132,164,196,228,260,292,324,356,388,420,452,484,516,548,580,612,644,676,708,740,772,804,836,868,900,932,964,996])
("00110",[12,44,76,108,140,172,204,236,268,300,332,364,396,428,460,492,524,556,588,620,652,684,716,748,780,812,844,876,908,940,972,1004])
("00111",[28,60,92,124,156,188,220,252,284,316,348,380,412,444,476,508,540,572,604,636,668,700,732,764,796,828,860,892,924,956,988,1020])
("01000",[10,42,74,106,138,170,202,234,266,298,330,362,394,426,458,490,522,554,586,618,650,682,714,746,778,810,842,874,906,938,970,1002])
("01001",[26,58,90,122,154,186,218,250,282,314,346,378,410,442,474,506,538,570,602,634,666,698,730,762,794,826,858,890,922,954,986,1018])
("01010",[2,34,66,98,130,162,194,226,258,290,322,354,386,418,450,482,514,546,578,610,642,674,706,738,770,802,834,866,898,930,962,994])
("01011",[18,50,82,114,146,178,210,242,274,306,338,370,402,434,466,498,530,562,594,626,658,690,722,754,786,818,850,882,914,946,978,1010])
("01100",[6,38,70,102,134,166,198,230,262,294,326,358,390,422,454,486,518,550,582,614,646,678,710,742,774,806,838,870,902,934,966,998])
("01101",[22,54,86,118,150,182,214,246,278,310,342,374,406,438,470,502,534,566,598,630,662,694,726,758,790,822,854,886,918,950,982,1014])
("01110",[14,46,78,110,142,174,206,238,270,302,334,366,398,430,462,494,526,558,590,622,654,686,718,750,782,814,846,878,910,942,974,1006])
("01111",[30,62,94,126,158,190,222,254,286,318,350,382,414,446,478,510,542,574,606,638,670,702,734,766,798,830,862,894,926,958,990,1022])
("10000",[21,53,85,117,149,181,213,245,277,309,341,373,405,437,469,501,533,565,597,629,661,693,725,757,789,821,853,885,917,949,981,1013])
("10001",[5,37,69,101,133,165,197,229,261,293,325,357,389,421,453,485,517,549,581,613,645,677,709,741,773,805,837,869,901,933,965,997])
("10010",[13,45,77,109,141,173,205,237,269,301,333,365,397,429,461,493,525,557,589,621,653,685,717,749,781,813,845,877,909,941,973,1005])
("10011",[29,61,93,125,157,189,221,253,285,317,349,381,413,445,477,509,541,573,605,637,669,701,733,765,797,829,861,893,925,957,989,1021])
("10100",[17,49,81,113,145,177,209,241,273,305,337,369,401,433,465,497,529,561,593,625,657,689,721,753,785,817,849,881,913,945,977,1009])
("10101",[1,33,65,97,129,161,193,225,257,289,321,353,385,417,449,481,513,545,577,609,641,673,705,737,769,801,833,865,897,929,961,993])
("10110",[25,57,89,121,153,185,217,249,281,313,345,377,409,441,473,505,537,569,601,633,665,697,729,761,793,825,857,889,921,953,985,1017])
("10111",[9,41,73,105,137,169,201,233,265,297,329,361,393,425,457,489,521,553,585,617,649,681,713,745,777,809,841,873,905,937,969,1001])
("11000",[3,35,67,99,131,163,195,227,259,291,323,355,387,419,451,483,515,547,579,611,643,675,707,739,771,803,835,867,899,931,963,995])
("11001",[19,51,83,115,147,179,211,243,275,307,339,371,403,435,467,499,531,563,595,627,659,691,723,755,787,819,851,883,915,947,979,1011])
("11010",[11,43,75,107,139,171,203,235,267,299,331,363,395,427,459,491,523,555,587,619,651,683,715,747,779,811,843,875,907,939,971,1003])
("11011",[27,59,91,123,155,187,219,251,283,315,347,379,411,443,475,507,539,571,603,635,667,699,731,763,795,827,859,891,923,955,987,1019])
("11100",[23,55,87,119,151,183,215,247,279,311,343,375,407,439,471,503,535,567,599,631,663,695,727,759,791,823,855,887,919,951,983,1015])
("11101",[7,39,71,103,135,167,199,231,263,295,327,359,391,423,455,487,519,551,583,615,647,679,711,743,775,807,839,871,903,935,967,999])
("11110",[15,47,79,111,143,175,207,239,271,303,335,367,399,431,463,495,527,559,591,623,655,687,719,751,783,815,847,879,911,943,975,1007])
("11111",[31,63,95,127,159,191,223,255,287,319,351,383,415,447,479,511,543,575,607,639,671,703,735,767,799,831,863,895,927,959,991,1023])
("000000",[64,128,192,256,320,384,448,512,576,640,704,768,832,896,960,1024])
("000001",[32,96,160,224,288,352,416,480,544,608,672,736,800,864,928,992])
("000010",[16,80,144,208,272,336,400,464,528,592,656,720,784,848,912,976])
("000011",[48,112,176,240,304,368,432,496,560,624,688,752,816,880,944,1008])
("000100",[40,104,168,232,296,360,424,488,552,616,680,744,808,872,936,1000])
("000101",[8,72,136,200,264,328,392,456,520,584,648,712,776,840,904,968])
("000110",[24,88,152,216,280,344,408,472,536,600,664,728,792,856,920,984])
("000111",[56,120,184,248,312,376,440,504,568,632,696,760,824,888,952,1016])
("001000",[20,84,148,212,276,340,404,468,532,596,660,724,788,852,916,980])
("001001",[52,116,180,244,308,372,436,500,564,628,692,756,820,884,948,1012])
("001010",[4,68,132,196,260,324,388,452,516,580,644,708,772,836,900,964])
("001011",[36,100,164,228,292,356,420,484,548,612,676,740,804,868,932,996])
("001100",[12,76,140,204,268,332,396,460,524,588,652,716,780,844,908,972])
("001101",[44,108,172,236,300,364,428,492,556,620,684,748,812,876,940,1004])
("001110",[28,92,156,220,284,348,412,476,540,604,668,732,796,860,924,988])
("001111",[60,124,188,252,316,380,444,508,572,636,700,764,828,892,956,1020])
("010000",[42,106,170,234,298,362,426,490,554,618,682,746,810,874,938,1002])
("010001",[10,74,138,202,266,330,394,458,522,586,650,714,778,842,906,970])
("010010",[26,90,154,218,282,346,410,474,538,602,666,730,794,858,922,986])
("010011",[58,122,186,250,314,378,442,506,570,634,698,762,826,890,954,1018])
("010100",[34,98,162,226,290,354,418,482,546,610,674,738,802,866,930,994])
("010101",[2,66,130,194,258,322,386,450,514,578,642,706,770,834,898,962])
("010110",[50,114,178,242,306,370,434,498,562,626,690,754,818,882,946,1010])
("010111",[18,82,146,210,274,338,402,466,530,594,658,722,786,850,914,978])
("011000",[6,70,134,198,262,326,390,454,518,582,646,710,774,838,902,966])
("011001",[38,102,166,230,294,358,422,486,550,614,678,742,806,870,934,998])
("011010",[22,86,150,214,278,342,406,470,534,598,662,726,790,854,918,982])
("011011",[54,118,182,246,310,374,438,502,566,630,694,758,822,886,950,1014])
("011100",[46,110,174,238,302,366,430,494,558,622,686,750,814,878,942,1006])
("011101",[14,78,142,206,270,334,398,462,526,590,654,718,782,846,910,974])
("011110",[30,94,158,222,286,350,414,478,542,606,670,734,798,862,926,990])
("011111",[62,126,190,254,318,382,446,510,574,638,702,766,830,894,958,1022])
("100000",[21,85,149,213,277,341,405,469,533,597,661,725,789,853,917,981])
("100001",[53,117,181,245,309,373,437,501,565,629,693,757,821,885,949,1013])
("100010",[5,69,133,197,261,325,389,453,517,581,645,709,773,837,901,965])
("100011",[37,101,165,229,293,357,421,485,549,613,677,741,805,869,933,997])
("100100",[13,77,141,205,269,333,397,461,525,589,653,717,781,845,909,973])
("100101",[45,109,173,237,301,365,429,493,557,621,685,749,813,877,941,1005])
("100110",[29,93,157,221,285,349,413,477,541,605,669,733,797,861,925,989])
("100111",[61,125,189,253,317,381,445,509,573,637,701,765,829,893,957,1021])
("101000",[49,113,177,241,305,369,433,497,561,625,689,753,817,881,945,1009])
("101001",[17,81,145,209,273,337,401,465,529,593,657,721,785,849,913,977])
("101010",[1,65,129,193,257,321,385,449,513,577,641,705,769,833,897,961])
("101011",[33,97,161,225,289,353,417,481,545,609,673,737,801,865,929,993])
("101100",[25,89,153,217,281,345,409,473,537,601,665,729,793,857,921,985])
("101101",[57,121,185,249,313,377,441,505,569,633,697,761,825,889,953,1017])
("101110",[9,73,137,201,265,329,393,457,521,585,649,713,777,841,905,969])
("101111",[41,105,169,233,297,361,425,489,553,617,681,745,809,873,937,1001])
("110000",[35,99,163,227,291,355,419,483,547,611,675,739,803,867,931,995])
("110001",[3,67,131,195,259,323,387,451,515,579,643,707,771,835,899,963])
("110010",[51,115,179,243,307,371,435,499,563,627,691,755,819,883,947,1011])
("110011",[19,83,147,211,275,339,403,467,531,595,659,723,787,851,915,979])
("110100",[11,75,139,203,267,331,395,459,523,587,651,715,779,843,907,971])
("110101",[43,107,171,235,299,363,427,491,555,619,683,747,811,875,939,1003])
("110110",[59,123,187,251,315,379,443,507,571,635,699,763,827,891,955,1019])
("110111",[27,91,155,219,283,347,411,475,539,603,667,731,795,859,923,987])
("111000",[23,87,151,215,279,343,407,471,535,599,663,727,791,855,919,983])
("111001",[55,119,183,247,311,375,439,503,567,631,695,759,823,887,951,1015])
("111010",[7,71,135,199,263,327,391,455,519,583,647,711,775,839,903,967])
("111011",[39,103,167,231,295,359,423,487,551,615,679,743,807,871,935,999])
("111100",[15,79,143,207,271,335,399,463,527,591,655,719,783,847,911,975])
("111101",[47,111,175,239,303,367,431,495,559,623,687,751,815,879,943,1007])
("111110",[31,95,159,223,287,351,415,479,543,607,671,735,799,863,927,991])
("111111",[63,127,191,255,319,383,447,511,575,639,703,767,831,895,959,1023])
("0000000",[128,256,384,512,640,768,896,1024])
("0000001",[64,192,320,448,576,704,832,960])
("0000010",[32,160,288,416,544,672,800,928])
("0000011",[96,224,352,480,608,736,864,992])
("0000100",[80,208,336,464,592,720,848,976])
("0000101",[16,144,272,400,528,656,784,912])
("0000110",[48,176,304,432,560,688,816,944])
("0000111",[112,240,368,496,624,752,880,1008])
("0001000",[40,168,296,424,552,680,808,936])
("0001001",[104,232,360,488,616,744,872,1000])
("0001010",[8,136,264,392,520,648,776,904])
("0001011",[72,200,328,456,584,712,840,968])
("0001100",[24,152,280,408,536,664,792,920])
("0001101",[88,216,344,472,600,728,856,984])
("0001110",[56,184,312,440,568,696,824,952])
("0001111",[120,248,376,504,632,760,888,1016])
("0010000",[84,212,340,468,596,724,852,980])
("0010001",[20,148,276,404,532,660,788,916])
("0010010",[52,180,308,436,564,692,820,948])
("0010011",[116,244,372,500,628,756,884,1012])
("0010100",[68,196,324,452,580,708,836,964])
("0010101",[4,132,260,388,516,644,772,900])
("0010110",[100,228,356,484,612,740,868,996])
("0010111",[36,164,292,420,548,676,804,932])
("0011000",[12,140,268,396,524,652,780,908])
("0011001",[76,204,332,460,588,716,844,972])
("0011010",[44,172,300,428,556,684,812,940])
("0011011",[108,236,364,492,620,748,876,1004])
("0011100",[92,220,348,476,604,732,860,988])
("0011101",[28,156,284,412,540,668,796,924])
("0011110",[60,188,316,444,572,700,828,956])
("0011111",[124,252,380,508,636,764,892,1020])
("0100000",[42,170,298,426,554,682,810,938])
("0100001",[106,234,362,490,618,746,874,1002])
("0100010",[10,138,266,394,522,650,778,906])
("0100011",[74,202,330,458,586,714,842,970])
("0100100",[26,154,282,410,538,666,794,922])
("0100101",[90,218,346,474,602,730,858,986])
("0100110",[58,186,314,442,570,698,826,954])
("0100111",[122,250,378,506,634,762,890,1018])
("0101000",[98,226,354,482,610,738,866,994])
("0101001",[34,162,290,418,546,674,802,930])
("0101010",[2,130,258,386,514,642,770,898])
("0101011",[66,194,322,450,578,706,834,962])
("0101100",[50,178,306,434,562,690,818,946])
("0101101",[114,242,370,498,626,754,882,1010])
("0101110",[18,146,274,402,530,658,786,914])
("0101111",[82,210,338,466,594,722,850,978])
("0110000",[70,198,326,454,582,710,838,966])
("0110001",[6,134,262,390,518,646,774,902])
("0110010",[102,230,358,486,614,742,870,998])
("0110011",[38,166,294,422,550,678,806,934])
("0110100",[22,150,278,406,534,662,790,918])
("0110101",[86,214,342,470,598,726,854,982])
("0110110",[118,246,374,502,630,758,886,1014])
("0110111",[54,182,310,438,566,694,822,950])
("0111000",[46,174,302,430,558,686,814,942])
("0111001",[110,238,366,494,622,750,878,1006])
("0111010",[14,142,270,398,526,654,782,910])
("0111011",[78,206,334,462,590,718,846,974])
("0111100",[30,158,286,414,542,670,798,926])
("0111101",[94,222,350,478,606,734,862,990])
("0111110",[62,190,318,446,574,702,830,958])
("0111111",[126,254,382,510,638,766,894,1022])
("1000000",[85,213,341,469,597,725,853,981])
("1000001",[21,149,277,405,533,661,789,917])
("1000010",[53,181,309,437,565,693,821,949])
("1000011",[117,245,373,501,629,757,885,1013])
("1000100",[69,197,325,453,581,709,837,965])
("1000101",[5,133,261,389,517,645,773,901])
("1000110",[101,229,357,485,613,741,869,997])
("1000111",[37,165,293,421,549,677,805,933])
("1001000",[13,141,269,397,525,653,781,909])
("1001001",[77,205,333,461,589,717,845,973])
("1001010",[45,173,301,429,557,685,813,941])
("1001011",[109,237,365,493,621,749,877,1005])
("1001100",[93,221,349,477,605,733,861,989])
("1001101",[29,157,285,413,541,669,797,925])
("1001110",[61,189,317,445,573,701,829,957])
("1001111",[125,253,381,509,637,765,893,1021])
("1010000",[113,241,369,497,625,753,881,1009])
("1010001",[49,177,305,433,561,689,817,945])
("1010010",[17,145,273,401,529,657,785,913])
("1010011",[81,209,337,465,593,721,849,977])
("1010100",[65,193,321,449,577,705,833,961])
("1010101",[1,129,257,385,513,641,769,897])
("1010110",[33,161,289,417,545,673,801,929])
("1010111",[97,225,353,481,609,737,865,993])
("1011000",[89,217,345,473,601,729,857,985])
("1011001",[25,153,281,409,537,665,793,921])
("1011010",[57,185,313,441,569,697,825,953])
("1011011",[121,249,377,505,633,761,889,1017])
("1011100",[73,201,329,457,585,713,841,969])
("1011101",[9,137,265,393,521,649,777,905])
("1011110",[105,233,361,489,617,745,873,1001])
("1011111",[41,169,297,425,553,681,809,937])
("1100000",[99,227,355,483,611,739,867,995])
("1100001",[35,163,291,419,547,675,803,931])
("1100010",[3,131,259,387,515,643,771,899])
("1100011",[67,195,323,451,579,707,835,963])
("1100100",[51,179,307,435,563,691,819,947])
("1100101",[115,243,371,499,627,755,883,1011])
("1100110",[19,147,275,403,531,659,787,915])
("1100111",[83,211,339,467,595,723,851,979])
("1101000",[75,203,331,459,587,715,843,971])
("1101001",[11,139,267,395,523,651,779,907])
("1101010",[43,171,299,427,555,683,811,939])
("1101011",[107,235,363,491,619,747,875,1003])
("1101100",[59,187,315,443,571,699,827,955])
("1101101",[123,251,379,507,635,763,891,1019])
("1101110",[91,219,347,475,603,731,859,987])
("1101111",[27,155,283,411,539,667,795,923])
("1110000",[23,151,279,407,535,663,791,919])
("1110001",[87,215,343,471,599,727,855,983])
("1110010",[119,247,375,503,631,759,887,1015])
("1110011",[55,183,311,439,567,695,823,951])
("1110100",[7,135,263,391,519,647,775,903])
("1110101",[71,199,327,455,583,711,839,967])
("1110110",[39,167,295,423,551,679,807,935])
("1110111",[103,231,359,487,615,743,871,999])
("1111000",[15,143,271,399,527,655,783,911])
("1111001",[79,207,335,463,591,719,847,975])
("1111010",[47,175,303,431,559,687,815,943])
("1111011",[111,239,367,495,623,751,879,1007])
("1111100",[95,223,351,479,607,735,863,991])
("1111101",[31,159,287,415,543,671,799,927])
("1111110",[63,191,319,447,575,703,831,959])
("1111111",[127,255,383,511,639,767,895,1023])
("00000000",[256,512,768,1024])
("00000001",[128,384,640,896])
("00000010",[64,320,576,832])
("00000011",[192,448,704,960])
("00000100",[160,416,672,928])
("00000101",[32,288,544,800])
("00000110",[96,352,608,864])
("00000111",[224,480,736,992])
("00001000",[80,336,592,848])
("00001001",[208,464,720,976])
("00001010",[16,272,528,784])
("00001011",[144,400,656,912])
("00001100",[48,304,560,816])
("00001101",[176,432,688,944])
("00001110",[112,368,624,880])
("00001111",[240,496,752,1008])
("00010000",[168,424,680,936])
("00010001",[40,296,552,808])
("00010010",[104,360,616,872])
("00010011",[232,488,744,1000])
("00010100",[136,392,648,904])
("00010101",[8,264,520,776])
("00010110",[200,456,712,968])
("00010111",[72,328,584,840])
("00011000",[24,280,536,792])
("00011001",[152,408,664,920])
("00011010",[88,344,600,856])
("00011011",[216,472,728,984])
("00011100",[184,440,696,952])
("00011101",[56,312,568,824])
("00011110",[120,376,632,888])
("00011111",[248,504,760,1016])
("00100000",[84,340,596,852])
("00100001",[212,468,724,980])
("00100010",[20,276,532,788])
("00100011",[148,404,660,916])
("00100100",[52,308,564,820])
("00100101",[180,436,692,948])
("00100110",[116,372,628,884])
("00100111",[244,500,756,1012])
("00101000",[196,452,708,964])
("00101001",[68,324,580,836])
("00101010",[4,260,516,772])
("00101011",[132,388,644,900])
("00101100",[100,356,612,868])
("00101101",[228,484,740,996])
("00101110",[36,292,548,804])
("00101111",[164,420,676,932])
("00110000",[140,396,652,908])
("00110001",[12,268,524,780])
("00110010",[204,460,716,972])
("00110011",[76,332,588,844])
("00110100",[44,300,556,812])
("00110101",[172,428,684,940])
("00110110",[236,492,748,1004])
("00110111",[108,364,620,876])
("00111000",[92,348,604,860])
("00111001",[220,476,732,988])
("00111010",[28,284,540,796])
("00111011",[156,412,668,924])
("00111100",[60,316,572,828])
("00111101",[188,444,700,956])
("00111110",[124,380,636,892])
("00111111",[252,508,764,1020])
("01000000",[170,426,682,938])
("01000001",[42,298,554,810])
("01000010",[106,362,618,874])
("01000011",[234,490,746,1002])
("01000100",[138,394,650,906])
("01000101",[10,266,522,778])
("01000110",[202,458,714,970])
("01000111",[74,330,586,842])
("01001000",[26,282,538,794])
("01001001",[154,410,666,922])
("01001010",[90,346,602,858])
("01001011",[218,474,730,986])
("01001100",[186,442,698,954])
("01001101",[58,314,570,826])
("01001110",[122,378,634,890])
("01001111",[250,506,762,1018])
("01010000",[226,482,738,994])
("01010001",[98,354,610,866])
("01010010",[34,290,546,802])
("01010011",[162,418,674,930])
("01010100",[130,386,642,898])
("01010101",[2,258,514,770])
("01010110",[66,322,578,834])
("01010111",[194,450,706,962])
("01011000",[178,434,690,946])
("01011001",[50,306,562,818])
("01011010",[114,370,626,882])
("01011011",[242,498,754,1010])
("01011100",[146,402,658,914])
("01011101",[18,274,530,786])
("01011110",[210,466,722,978])
("01011111",[82,338,594,850])
("01100000",[198,454,710,966])
("01100001",[70,326,582,838])
("01100010",[6,262,518,774])
("01100011",[134,390,646,902])
("01100100",[102,358,614,870])
("01100101",[230,486,742,998])
("01100110",[38,294,550,806])
("01100111",[166,422,678,934])
("01101000",[150,406,662,918])
("01101001",[22,278,534,790])
("01101010",[86,342,598,854])
("01101011",[214,470,726,982])
("01101100",[118,374,630,886])
("01101101",[246,502,758,1014])
("01101110",[182,438,694,950])
("01101111",[54,310,566,822])
("01110000",[46,302,558,814])
("01110001",[174,430,686,942])
("01110010",[238,494,750,1006])
("01110011",[110,366,622,878])
("01110100",[14,270,526,782])
("01110101",[142,398,654,910])
("01110110",[78,334,590,846])
("01110111",[206,462,718,974])
("01111000",[30,286,542,798])
("01111001",[158,414,670,926])
("01111010",[94,350,606,862])
("01111011",[222,478,734,990])
("01111100",[190,446,702,958])
("01111101",[62,318,574,830])
("01111110",[126,382,638,894])
("01111111",[254,510,766,1022])
("10000000",[85,341,597,853])
("10000001",[213,469,725,981])
("10000010",[21,277,533,789])
("10000011",[149,405,661,917])
("10000100",[53,309,565,821])
("10000101",[181,437,693,949])
("10000110",[117,373,629,885])
("10000111",[245,501,757,1013])
("10001000",[197,453,709,965])
("10001001",[69,325,581,837])
("10001010",[5,261,517,773])
("10001011",[133,389,645,901])
("10001100",[101,357,613,869])
("10001101",[229,485,741,997])
("10001110",[37,293,549,805])
("10001111",[165,421,677,933])
("10010000",[141,397,653,909])
("10010001",[13,269,525,781])
("10010010",[205,461,717,973])
("10010011",[77,333,589,845])
("10010100",[45,301,557,813])
("10010101",[173,429,685,941])
("10010110",[237,493,749,1005])
("10010111",[109,365,621,877])
("10011000",[93,349,605,861])
("10011001",[221,477,733,989])
("10011010",[29,285,541,797])
("10011011",[157,413,669,925])
("10011100",[61,317,573,829])
("10011101",[189,445,701,957])
("10011110",[125,381,637,893])
("10011111",[253,509,765,1021])
("10100000",[113,369,625,881])
("10100001",[241,497,753,1009])
("10100010",[177,433,689,945])
("10100011",[49,305,561,817])
("10100100",[17,273,529,785])
("10100101",[145,401,657,913])
("10100110",[209,465,721,977])
("10100111",[81,337,593,849])
("10101000",[65,321,577,833])
("10101001",[193,449,705,961])
("10101010",[1,257,513,769])
("10101011",[129,385,641,897])
("10101100",[33,289,545,801])
("10101101",[161,417,673,929])
("10101110",[97,353,609,865])
("10101111",[225,481,737,993])
("10110000",[217,473,729,985])
("10110001",[89,345,601,857])
("10110010",[153,409,665,921])
("10110011",[25,281,537,793])
("10110100",[185,441,697,953])
("10110101",[57,313,569,825])
("10110110",[249,505,761,1017])
("10110111",[121,377,633,889])
("10111000",[201,457,713,969])
("10111001",[73,329,585,841])
("10111010",[9,265,521,777])
("10111011",[137,393,649,905])
("10111100",[105,361,617,873])
("10111101",[233,489,745,1001])
("10111110",[41,297,553,809])
("10111111",[169,425,681,937])
("11000000",[227,483,739,995])
("11000001",[99,355,611,867])
("11000010",[35,291,547,803])
("11000011",[163,419,675,931])
("11000100",[131,387,643,899])
("11000101",[3,259,515,771])
("11000110",[67,323,579,835])
("11000111",[195,451,707,963])
("11001000",[179,435,691,947])
("11001001",[51,307,563,819])
("11001010",[115,371,627,883])
("11001011",[243,499,755,1011])
("11001100",[147,403,659,915])
("11001101",[19,275,531,787])
("11001110",[211,467,723,979])
("11001111",[83,339,595,851])
("11010000",[75,331,587,843])
("11010001",[203,459,715,971])
("11010010",[11,267,523,779])
("11010011",[139,395,651,907])
("11010100",[43,299,555,811])
("11010101",[171,427,683,939])
("11010110",[107,363,619,875])
("11010111",[235,491,747,1003])
("11011000",[59,315,571,827])
("11011001",[187,443,699,955])
("11011010",[123,379,635,891])
("11011011",[251,507,763,1019])
("11011100",[219,475,731,987])
("11011101",[91,347,603,859])
("11011110",[155,411,667,923])
("11011111",[27,283,539,795])
("11100000",[151,407,663,919])
("11100001",[23,279,535,791])
("11100010",[87,343,599,855])
("11100011",[215,471,727,983])
("11100100",[119,375,631,887])
("11100101",[247,503,759,1015])
("11100110",[183,439,695,951])
("11100111",[55,311,567,823])
("11101000",[135,391,647,903])
("11101001",[7,263,519,775])
("11101010",[199,455,711,967])
("11101011",[71,327,583,839])
("11101100",[39,295,551,807])
("11101101",[167,423,679,935])
("11101110",[231,487,743,999])
("11101111",[103,359,615,871])
("11110000",[15,271,527,783])
("11110001",[143,399,655,911])
("11110010",[79,335,591,847])
("11110011",[207,463,719,975])
("11110100",[175,431,687,943])
("11110101",[47,303,559,815])
("11110110",[111,367,623,879])
("11110111",[239,495,751,1007])
("11111000",[95,351,607,863])
("11111001",[223,479,735,991])
("11111010",[31,287,543,799])
("11111011",[159,415,671,927])
("11111100",[63,319,575,831])
("11111101",[191,447,703,959])
("11111110",[127,383,639,895])
("11111111",[255,511,767,1023])
("000000000",[512,1024])
("000000001",[256,768])
("000000010",[128,640])
("000000011",[384,896])
("000000100",[320,832])
("000000101",[64,576])
("000000110",[192,704])
("000000111",[448,960])
("000001000",[160,672])
("000001001",[416,928])
("000001010",[32,544])
("000001011",[288,800])
("000001100",[96,608])
("000001101",[352,864])
("000001110",[224,736])
("000001111",[480,992])
("000010000",[336,848])
("000010001",[80,592])
("000010010",[208,720])
("000010011",[464,976])
("000010100",[272,784])
("000010101",[16,528])
("000010110",[400,912])
("000010111",[144,656])
("000011000",[48,560])
("000011001",[304,816])
("000011010",[176,688])
("000011011",[432,944])
("000011100",[368,880])
("000011101",[112,624])
("000011110",[240,752])
("000011111",[496,1008])
("000100000",[168,680])
("000100001",[424,936])
("000100010",[40,552])
("000100011",[296,808])
("000100100",[104,616])
("000100101",[360,872])
("000100110",[232,744])
("000100111",[488,1000])
("000101000",[392,904])
("000101001",[136,648])
("000101010",[8,520])
("000101011",[264,776])
("000101100",[200,712])
("000101101",[456,968])
("000101110",[72,584])
("000101111",[328,840])
("000110000",[280,792])
("000110001",[24,536])
("000110010",[408,920])
("000110011",[152,664])
("000110100",[88,600])
("000110101",[344,856])
("000110110",[472,984])
("000110111",[216,728])
("000111000",[184,696])
("000111001",[440,952])
("000111010",[56,568])
("000111011",[312,824])
("000111100",[120,632])
("000111101",[376,888])
("000111110",[248,760])
("000111111",[504,1016])
("001000000",[340,852])
("001000001",[84,596])
("001000010",[212,724])
("001000011",[468,980])
("001000100",[276,788])
("001000101",[20,532])
("001000110",[404,916])
("001000111",[148,660])
("001001000",[52,564])
("001001001",[308,820])
("001001010",[180,692])
("001001011",[436,948])
("001001100",[372,884])
("001001101",[116,628])
("001001110",[244,756])
("001001111",[500,1012])
("001010000",[452,964])
("001010001",[196,708])
("001010010",[68,580])
("001010011",[324,836])
("001010100",[260,772])
("001010101",[4,516])
("001010110",[132,644])
("001010111",[388,900])
("001011000",[356,868])
("001011001",[100,612])
("001011010",[228,740])
("001011011",[484,996])
("001011100",[292,804])
("001011101",[36,548])
("001011110",[420,932])
("001011111",[164,676])
("001100000",[396,908])
("001100001",[140,652])
("001100010",[12,524])
("001100011",[268,780])
("001100100",[204,716])
("001100101",[460,972])
("001100110",[76,588])
("001100111",[332,844])
("001101000",[300,812])
("001101001",[44,556])
("001101010",[172,684])
("001101011",[428,940])
("001101100",[236,748])
("001101101",[492,1004])
("001101110",[364,876])
("001101111",[108,620])
("001110000",[92,604])
("001110001",[348,860])
("001110010",[476,988])
("001110011",[220,732])
("001110100",[28,540])
("001110101",[284,796])
("001110110",[156,668])
("001110111",[412,924])
("001111000",[60,572])
("001111001",[316,828])
("001111010",[188,700])
("001111011",[444,956])
("001111100",[380,892])
("001111101",[124,636])
("001111110",[252,764])
("001111111",[508,1020])
("010000000",[170,682])
("010000001",[426,938])
("010000010",[42,554])
("010000011",[298,810])
("010000100",[106,618])
("010000101",[362,874])
("010000110",[234,746])
("010000111",[490,1002])
("010001000",[394,906])
("010001001",[138,650])
("010001010",[10,522])
("010001011",[266,778])
("010001100",[202,714])
("010001101",[458,970])
("010001110",[74,586])
("010001111",[330,842])
("010010000",[282,794])
("010010001",[26,538])
("010010010",[410,922])
("010010011",[154,666])
("010010100",[90,602])
("010010101",[346,858])
("010010110",[474,986])
("010010111",[218,730])
("010011000",[186,698])
("010011001",[442,954])
("010011010",[58,570])
("010011011",[314,826])
("010011100",[122,634])
("010011101",[378,890])
("010011110",[250,762])
("010011111",[506,1018])
("010100000",[226,738])
("010100001",[482,994])
("010100010",[354,866])
("010100011",[98,610])
("010100100",[34,546])
("010100101",[290,802])
("010100110",[418,930])
("010100111",[162,674])
("010101000",[130,642])
("010101001",[386,898])
("010101010",[2,514])
("010101011",[258,770])
("010101100",[66,578])
("010101101",[322,834])
("010101110",[194,706])
("010101111",[450,962])
("010110000",[434,946])
("010110001",[178,690])
("010110010",[306,818])
("010110011",[50,562])
("010110100",[370,882])
("010110101",[114,626])
("010110110",[498,1010])
("010110111",[242,754])
("010111000",[402,914])
("010111001",[146,658])
("010111010",[18,530])
("010111011",[274,786])
("010111100",[210,722])
("010111101",[466,978])
("010111110",[82,594])
("010111111",[338,850])
("011000000",[454,966])
("011000001",[198,710])
("011000010",[70,582])
("011000011",[326,838])
("011000100",[262,774])
("011000101",[6,518])
("011000110",[134,646])
("011000111",[390,902])
("011001000",[358,870])
("011001001",[102,614])
("011001010",[230,742])
("011001011",[486,998])
("011001100",[294,806])
("011001101",[38,550])
("011001110",[422,934])
("011001111",[166,678])
("011010000",[150,662])
("011010001",[406,918])
("011010010",[22,534])
("011010011",[278,790])
("011010100",[86,598])
("011010101",[342,854])
("011010110",[214,726])
("011010111",[470,982])
("011011000",[118,630])
("011011001",[374,886])
("011011010",[246,758])
("011011011",[502,1014])
("011011100",[438,950])
("011011101",[182,694])
("011011110",[310,822])
("011011111",[54,566])
("011100000",[302,814])
("011100001",[46,558])
("011100010",[174,686])
("011100011",[430,942])
("011100100",[238,750])
("011100101",[494,1006])
("011100110",[366,878])
("011100111",[110,622])
("011101000",[270,782])
("011101001",[14,526])
("011101010",[398,910])
("011101011",[142,654])
("011101100",[78,590])
("011101101",[334,846])
("011101110",[462,974])
("011101111",[206,718])
("011110000",[30,542])
("011110001",[286,798])
("011110010",[158,670])
("011110011",[414,926])
("011110100",[350,862])
("011110101",[94,606])
("011110110",[222,734])
("011110111",[478,990])
("011111000",[190,702])
("011111001",[446,958])
("011111010",[62,574])
("011111011",[318,830])
("011111100",[126,638])
("011111101",[382,894])
("011111110",[254,766])
("011111111",[510,1022])
("100000000",[341,853])
("100000001",[85,597])
("100000010",[213,725])
("100000011",[469,981])
("100000100",[277,789])
("100000101",[21,533])
("100000110",[405,917])
("100000111",[149,661])
("100001000",[53,565])
("100001001",[309,821])
("100001010",[181,693])
("100001011",[437,949])
("100001100",[373,885])
("100001101",[117,629])
("100001110",[245,757])
("100001111",[501,1013])
("100010000",[453,965])
("100010001",[197,709])
("100010010",[69,581])
("100010011",[325,837])
("100010100",[261,773])
("100010101",[5,517])
("100010110",[133,645])
("100010111",[389,901])
("100011000",[357,869])
("100011001",[101,613])
("100011010",[229,741])
("100011011",[485,997])
("100011100",[293,805])
("100011101",[37,549])
("100011110",[421,933])
("100011111",[165,677])
("100100000",[397,909])
("100100001",[141,653])
("100100010",[13,525])
("100100011",[269,781])
("100100100",[205,717])
("100100101",[461,973])
("100100110",[77,589])
("100100111",[333,845])
("100101000",[301,813])
("100101001",[45,557])
("100101010",[173,685])
("100101011",[429,941])
("100101100",[237,749])
("100101101",[493,1005])
("100101110",[365,877])
("100101111",[109,621])
("100110000",[93,605])
("100110001",[349,861])
("100110010",[477,989])
("100110011",[221,733])
("100110100",[29,541])
("100110101",[285,797])
("100110110",[157,669])
("100110111",[413,925])
("100111000",[61,573])
("100111001",[317,829])
("100111010",[189,701])
("100111011",[445,957])
("100111100",[381,893])
("100111101",[125,637])
("100111110",[253,765])
("100111111",[509,1021])
("101000000",[113,625])
("101000001",[369,881])
("101000010",[241,753])
("101000011",[497,1009])
("101000100",[433,945])
("101000101",[177,689])
("101000110",[305,817])
("101000111",[49,561])
("101001000",[17,529])
("101001001",[273,785])
("101001010",[401,913])
("101001011",[145,657])
("101001100",[465,977])
("101001101",[209,721])
("101001110",[81,593])
("101001111",[337,849])
("101010000",[321,833])
("101010001",[65,577])
("101010010",[193,705])
("101010011",[449,961])
("101010100",[257,769])
("101010101",[1,513])
("101010110",[385,897])
("101010111",[129,641])
("101011000",[289,801])
("101011001",[33,545])
("101011010",[417,929])
("101011011",[161,673])
("101011100",[97,609])
("101011101",[353,865])
("101011110",[481,993])
("101011111",[225,737])
("101100000",[473,985])
("101100001",[217,729])
("101100010",[345,857])
("101100011",[89,601])
("101100100",[409,921])
("101100101",[153,665])
("101100110",[25,537])
("101100111",[281,793])
("101101000",[441,953])
("101101001",[185,697])
("101101010",[57,569])
("101101011",[313,825])
("101101100",[249,761])
("101101101",[505,1017])
("101101110",[121,633])
("101101111",[377,889])
("101110000",[201,713])
("101110001",[457,969])
("101110010",[329,841])
("101110011",[73,585])
("101110100",[9,521])
("101110101",[265,777])
("101110110",[393,905])
("101110111",[137,649])
("101111000",[361,873])
("101111001",[105,617])
("101111010",[233,745])
("101111011",[489,1001])
("101111100",[297,809])
("101111101",[41,553])
("101111110",[425,937])
("101111111",[169,681])
("110000000",[227,739])
("110000001",[483,995])
("110000010",[355,867])
("110000011",[99,611])
("110000100",[35,547])
("110000101",[291,803])
("110000110",[419,931])
("110000111",[163,675])
("110001000",[131,643])
("110001001",[387,899])
("110001010",[3,515])
("110001011",[259,771])
("110001100",[67,579])
("110001101",[323,835])
("110001110",[195,707])
("110001111",[451,963])
("110010000",[435,947])
("110010001",[179,691])
("110010010",[307,819])
("110010011",[51,563])
("110010100",[371,883])
("110010101",[115,627])
("110010110",[499,1011])
("110010111",[243,755])
("110011000",[403,915])
("110011001",[147,659])
("110011010",[19,531])
("110011011",[275,787])
("110011100",[211,723])
("110011101",[467,979])
("110011110",[83,595])
("110011111",[339,851])
("110100000",[75,587])
("110100001",[331,843])
("110100010",[459,971])
("110100011",[203,715])
("110100100",[11,523])
("110100101",[267,779])
("110100110",[139,651])
("110100111",[395,907])
("110101000",[43,555])
("110101001",[299,811])
("110101010",[171,683])
("110101011",[427,939])
("110101100",[363,875])
("110101101",[107,619])
("110101110",[235,747])
("110101111",[491,1003])
("110110000",[315,827])
("110110001",[59,571])
("110110010",[443,955])
("110110011",[187,699])
("110110100",[123,635])
("110110101",[379,891])
("110110110",[507,1019])
("110110111",[251,763])
("110111000",[475,987])
("110111001",[219,731])
("110111010",[347,859])
("110111011",[91,603])
("110111100",[411,923])
("110111101",[155,667])
("110111110",[27,539])
("110111111",[283,795])
("111000000",[151,663])
("111000001",[407,919])
("111000010",[23,535])
("111000011",[279,791])
("111000100",[87,599])
("111000101",[343,855])
("111000110",[215,727])
("111000111",[471,983])
("111001000",[119,631])
("111001001",[375,887])
("111001010",[247,759])
("111001011",[503,1015])
("111001100",[439,951])
("111001101",[183,695])
("111001110",[311,823])
("111001111",[55,567])
("111010000",[391,903])
("111010001",[135,647])
("111010010",[7,519])
("111010011",[263,775])
("111010100",[199,711])
("111010101",[455,967])
("111010110",[71,583])
("111010111",[327,839])
("111011000",[39,551])
("111011001",[295,807])
("111011010",[423,935])
("111011011",[167,679])
("111011100",[487,999])
("111011101",[231,743])
("111011110",[103,615])
("111011111",[359,871])
("111100000",[271,783])
("111100001",[15,527])
("111100010",[399,911])
("111100011",[143,655])
("111100100",[79,591])
("111100101",[335,847])
("111100110",[463,975])
("111100111",[207,719])
("111101000",[431,943])
("111101001",[175,687])
("111101010",[303,815])
("111101011",[47,559])
("111101100",[367,879])
("111101101",[111,623])
("111101110",[495,1007])
("111101111",[239,751])
("111110000",[351,863])
("111110001",[95,607])
("111110010",[223,735])
("111110011",[479,991])
("111110100",[287,799])
("111110101",[31,543])
("111110110",[415,927])
("111110111",[159,671])
("111111000",[63,575])
("111111001",[319,831])
("111111010",[191,703])
("111111011",[447,959])
("111111100",[383,895])
("111111101",[127,639])
("111111110",[255,767])
("111111111",[511,1023])
("0000000000",[1024])
("0000000001",[512])
("0000000010",[256])
("0000000011",[768])
("0000000100",[640])
("0000000101",[128])
("0000000110",[384])
("0000000111",[896])
("0000001000",[320])
("0000001001",[832])
("0000001010",[64])
("0000001011",[576])
("0000001100",[192])
("0000001101",[704])
("0000001110",[448])
("0000001111",[960])
("0000010000",[672])
("0000010001",[160])
("0000010010",[416])
("0000010011",[928])
("0000010100",[544])
("0000010101",[32])
("0000010110",[800])
("0000010111",[288])
("0000011000",[96])
("0000011001",[608])
("0000011010",[352])
("0000011011",[864])
("0000011100",[736])
("0000011101",[224])
("0000011110",[480])
("0000011111",[992])
("0000100000",[336])
("0000100001",[848])
("0000100010",[80])
("0000100011",[592])
("0000100100",[208])
("0000100101",[720])
("0000100110",[464])
("0000100111",[976])
("0000101000",[784])
("0000101001",[272])
("0000101010",[16])
("0000101011",[528])
("0000101100",[400])
("0000101101",[912])
("0000101110",[144])
("0000101111",[656])
("0000110000",[560])
("0000110001",[48])
("0000110010",[816])
("0000110011",[304])
("0000110100",[176])
("0000110101",[688])
("0000110110",[944])
("0000110111",[432])
("0000111000",[368])
("0000111001",[880])
("0000111010",[112])
("0000111011",[624])
("0000111100",[240])
("0000111101",[752])
("0000111110",[496])
("0000111111",[1008])
("0001000000",[680])
("0001000001",[168])
("0001000010",[424])
("0001000011",[936])
("0001000100",[552])
("0001000101",[40])
("0001000110",[808])
("0001000111",[296])
("0001001000",[104])
("0001001001",[616])
("0001001010",[360])
("0001001011",[872])
("0001001100",[744])
("0001001101",[232])
("0001001110",[488])
("0001001111",[1000])
("0001010000",[904])
("0001010001",[392])
("0001010010",[136])
("0001010011",[648])
("0001010100",[520])
("0001010101",[8])
("0001010110",[264])
("0001010111",[776])
("0001011000",[712])
("0001011001",[200])
("0001011010",[456])
("0001011011",[968])
("0001011100",[584])
("0001011101",[72])
("0001011110",[840])
("0001011111",[328])
("0001100000",[792])
("0001100001",[280])
("0001100010",[24])
("0001100011",[536])
("0001100100",[408])
("0001100101",[920])
("0001100110",[152])
("0001100111",[664])
("0001101000",[600])
("0001101001",[88])
("0001101010",[344])
("0001101011",[856])
("0001101100",[472])
("0001101101",[984])
("0001101110",[728])
("0001101111",[216])
("0001110000",[184])
("0001110001",[696])
("0001110010",[952])
("0001110011",[440])
("0001110100",[56])
("0001110101",[568])
("0001110110",[312])
("0001110111",[824])
("0001111000",[120])
("0001111001",[632])
("0001111010",[376])
("0001111011",[888])
("0001111100",[760])
("0001111101",[248])
("0001111110",[504])
("0001111111",[1016])
("0010000000",[340])
("0010000001",[852])
("0010000010",[84])
("0010000011",[596])
("0010000100",[212])
("0010000101",[724])
("0010000110",[468])
("0010000111",[980])
("0010001000",[788])
("0010001001",[276])
("0010001010",[20])
("0010001011",[532])
("0010001100",[404])
("0010001101",[916])
("0010001110",[148])
("0010001111",[660])
("0010010000",[564])
("0010010001",[52])
("0010010010",[820])
("0010010011",[308])
("0010010100",[180])
("0010010101",[692])
("0010010110",[948])
("0010010111",[436])
("0010011000",[372])
("0010011001",[884])
("0010011010",[116])
("0010011011",[628])
("0010011100",[244])
("0010011101",[756])
("0010011110",[500])
("0010011111",[1012])
("0010100000",[452])
("0010100001",[964])
("0010100010",[708])
("0010100011",[196])
("0010100100",[68])
("0010100101",[580])
("0010100110",[836])
("0010100111",[324])
("0010101000",[260])
("0010101001",[772])
("0010101010",[4])
("0010101011",[516])
("0010101100",[132])
("0010101101",[644])
("0010101110",[388])
("0010101111",[900])
("0010110000",[868])
("0010110001",[356])
("0010110010",[612])
("0010110011",[100])
("0010110100",[740])
("0010110101",[228])
("0010110110",[996])
("0010110111",[484])
("0010111000",[804])
("0010111001",[292])
("0010111010",[36])
("0010111011",[548])
("0010111100",[420])
("0010111101",[932])
("0010111110",[164])
("0010111111",[676])
("0011000000",[908])
("0011000001",[396])
("0011000010",[140])
("0011000011",[652])
("0011000100",[524])
("0011000101",[12])
("0011000110",[268])
("0011000111",[780])
("0011001000",[716])
("0011001001",[204])
("0011001010",[460])
("0011001011",[972])
("0011001100",[588])
("0011001101",[76])
("0011001110",[844])
("0011001111",[332])
("0011010000",[300])
("0011010001",[812])
("0011010010",[44])
("0011010011",[556])
("0011010100",[172])
("0011010101",[684])
("0011010110",[428])
("0011010111",[940])
("0011011000",[236])
("0011011001",[748])
("0011011010",[492])
("0011011011",[1004])
("0011011100",[876])
("0011011101",[364])
("0011011110",[620])
("0011011111",[108])
("0011100000",[604])
("0011100001",[92])
("0011100010",[348])
("0011100011",[860])
("0011100100",[476])
("0011100101",[988])
("0011100110",[732])
("0011100111",[220])
("0011101000",[540])
("0011101001",[28])
("0011101010",[796])
("0011101011",[284])
("0011101100",[156])
("0011101101",[668])
("0011101110",[924])
("0011101111",[412])
("0011110000",[60])
("0011110001",[572])
("0011110010",[316])
("0011110011",[828])
("0011110100",[700])
("0011110101",[188])
("0011110110",[444])
("0011110111",[956])
("0011111000",[380])
("0011111001",[892])
("0011111010",[124])
("0011111011",[636])
("0011111100",[252])
("0011111101",[764])
("0011111110",[508])
("0011111111",[1020])
("0100000000",[682])
("0100000001",[170])
("0100000010",[426])
("0100000011",[938])
("0100000100",[554])
("0100000101",[42])
("0100000110",[810])
("0100000111",[298])
("0100001000",[106])
("0100001001",[618])
("0100001010",[362])
("0100001011",[874])
("0100001100",[746])
("0100001101",[234])
("0100001110",[490])
("0100001111",[1002])
("0100010000",[906])
("0100010001",[394])
("0100010010",[138])
("0100010011",[650])
("0100010100",[522])
("0100010101",[10])
("0100010110",[266])
("0100010111",[778])
("0100011000",[714])
("0100011001",[202])
("0100011010",[458])
("0100011011",[970])
("0100011100",[586])
("0100011101",[74])
("0100011110",[842])
("0100011111",[330])
("0100100000",[794])
("0100100001",[282])
("0100100010",[26])
("0100100011",[538])
("0100100100",[410])
("0100100101",[922])
("0100100110",[154])
("0100100111",[666])
("0100101000",[602])
("0100101001",[90])
("0100101010",[346])
("0100101011",[858])
("0100101100",[474])
("0100101101",[986])
("0100101110",[730])
("0100101111",[218])
("0100110000",[186])
("0100110001",[698])
("0100110010",[954])
("0100110011",[442])
("0100110100",[58])
("0100110101",[570])
("0100110110",[314])
("0100110111",[826])
("0100111000",[122])
("0100111001",[634])
("0100111010",[378])
("0100111011",[890])
("0100111100",[762])
("0100111101",[250])
("0100111110",[506])
("0100111111",[1018])
("0101000000",[226])
("0101000001",[738])
("0101000010",[482])
("0101000011",[994])
("0101000100",[866])
("0101000101",[354])
("0101000110",[610])
("0101000111",[98])
("0101001000",[34])
("0101001001",[546])
("0101001010",[802])
("0101001011",[290])
("0101001100",[930])
("0101001101",[418])
("0101001110",[162])
("0101001111",[674])
("0101010000",[642])
("0101010001",[130])
("0101010010",[386])
("0101010011",[898])
("0101010100",[514])
("0101010101",[2])
("0101010110",[770])
("0101010111",[258])
("0101011000",[578])
("0101011001",[66])
("0101011010",[834])
("0101011011",[322])
("0101011100",[194])
("0101011101",[706])
("0101011110",[962])
("0101011111",[450])
("0101100000",[946])
("0101100001",[434])
("0101100010",[690])
("0101100011",[178])
("0101100100",[818])
("0101100101",[306])
("0101100110",[50])
("0101100111",[562])
("0101101000",[882])
("0101101001",[370])
("0101101010",[114])
("0101101011",[626])
("0101101100",[498])
("0101101101",[1010])
("0101101110",[242])
("0101101111",[754])
("0101110000",[402])
("0101110001",[914])
("0101110010",[658])
("0101110011",[146])
("0101110100",[18])
("0101110101",[530])
("0101110110",[786])
("0101110111",[274])
("0101111000",[722])
("0101111001",[210])
("0101111010",[466])
("0101111011",[978])
("0101111100",[594])
("0101111101",[82])
("0101111110",[850])
("0101111111",[338])
("0110000000",[454])
("0110000001",[966])
("0110000010",[710])
("0110000011",[198])
("0110000100",[70])
("0110000101",[582])
("0110000110",[838])
("0110000111",[326])
("0110001000",[262])
("0110001001",[774])
("0110001010",[6])
("0110001011",[518])
("0110001100",[134])
("0110001101",[646])
("0110001110",[390])
("0110001111",[902])
("0110010000",[870])
("0110010001",[358])
("0110010010",[614])
("0110010011",[102])
("0110010100",[742])
("0110010101",[230])
("0110010110",[998])
("0110010111",[486])
("0110011000",[806])
("0110011001",[294])
("0110011010",[38])
("0110011011",[550])
("0110011100",[422])
("0110011101",[934])
("0110011110",[166])
("0110011111",[678])
("0110100000",[150])
("0110100001",[662])
("0110100010",[918])
("0110100011",[406])
("0110100100",[22])
("0110100101",[534])
("0110100110",[278])
("0110100111",[790])
("0110101000",[86])
("0110101001",[598])
("0110101010",[342])
("0110101011",[854])
("0110101100",[726])
("0110101101",[214])
("0110101110",[470])
("0110101111",[982])
("0110110000",[630])
("0110110001",[118])
("0110110010",[886])
("0110110011",[374])
("0110110100",[246])
("0110110101",[758])
("0110110110",[1014])
("0110110111",[502])
("0110111000",[950])
("0110111001",[438])
("0110111010",[694])
("0110111011",[182])
("0110111100",[822])
("0110111101",[310])
("0110111110",[54])
("0110111111",[566])
("0111000000",[302])
("0111000001",[814])
("0111000010",[46])
("0111000011",[558])
("0111000100",[174])
("0111000101",[686])
("0111000110",[430])
("0111000111",[942])
("0111001000",[238])
("0111001001",[750])
("0111001010",[494])
("0111001011",[1006])
("0111001100",[878])
("0111001101",[366])
("0111001110",[622])
("0111001111",[110])
("0111010000",[782])
("0111010001",[270])
("0111010010",[14])
("0111010011",[526])
("0111010100",[398])
("0111010101",[910])
("0111010110",[142])
("0111010111",[654])
("0111011000",[78])
("0111011001",[590])
("0111011010",[846])
("0111011011",[334])
("0111011100",[974])
("0111011101",[462])
("0111011110",[206])
("0111011111",[718])
("0111100000",[542])
("0111100001",[30])
("0111100010",[798])
("0111100011",[286])
("0111100100",[158])
("0111100101",[670])
("0111100110",[926])
("0111100111",[414])
("0111101000",[862])
("0111101001",[350])
("0111101010",[606])
("0111101011",[94])
("0111101100",[734])
("0111101101",[222])
("0111101110",[990])
("0111101111",[478])
("0111110000",[702])
("0111110001",[190])
("0111110010",[446])
("0111110011",[958])
("0111110100",[574])
("0111110101",[62])
("0111110110",[830])
("0111110111",[318])
("0111111000",[126])
("0111111001",[638])
("0111111010",[382])
("0111111011",[894])
("0111111100",[766])
("0111111101",[254])
("0111111110",[510])
("0111111111",[1022])
("1000000000",[341])
("1000000001",[853])
("1000000010",[85])
("1000000011",[597])
("1000000100",[213])
("1000000101",[725])
("1000000110",[469])
("1000000111",[981])
("1000001000",[789])
("1000001001",[277])
("1000001010",[21])
("1000001011",[533])
("1000001100",[405])
("1000001101",[917])
("1000001110",[149])
("1000001111",[661])
("1000010000",[565])
("1000010001",[53])
("1000010010",[821])
("1000010011",[309])
("1000010100",[181])
("1000010101",[693])
("1000010110",[949])
("1000010111",[437])
("1000011000",[373])
("1000011001",[885])
("1000011010",[117])
("1000011011",[629])
("1000011100",[245])
("1000011101",[757])
("1000011110",[501])
("1000011111",[1013])
("1000100000",[453])
("1000100001",[965])
("1000100010",[709])
("1000100011",[197])
("1000100100",[69])
("1000100101",[581])
("1000100110",[837])
("1000100111",[325])
("1000101000",[261])
("1000101001",[773])
("1000101010",[5])
("1000101011",[517])
("1000101100",[133])
("1000101101",[645])
("1000101110",[389])
("1000101111",[901])
("1000110000",[869])
("1000110001",[357])
("1000110010",[613])
("1000110011",[101])
("1000110100",[741])
("1000110101",[229])
("1000110110",[997])
("1000110111",[485])
("1000111000",[805])
("1000111001",[293])
("1000111010",[37])
("1000111011",[549])
("1000111100",[421])
("1000111101",[933])
("1000111110",[165])
("1000111111",[677])
("1001000000",[909])
("1001000001",[397])
("1001000010",[141])
("1001000011",[653])
("1001000100",[525])
("1001000101",[13])
("1001000110",[269])
("1001000111",[781])
("1001001000",[717])
("1001001001",[205])
("1001001010",[461])
("1001001011",[973])
("1001001100",[589])
("1001001101",[77])
("1001001110",[845])
("1001001111",[333])
("1001010000",[301])
("1001010001",[813])
("1001010010",[45])
("1001010011",[557])
("1001010100",[173])
("1001010101",[685])
("1001010110",[429])
("1001010111",[941])
("1001011000",[237])
("1001011001",[749])
("1001011010",[493])
("1001011011",[1005])
("1001011100",[877])
("1001011101",[365])
("1001011110",[621])
("1001011111",[109])
("1001100000",[605])
("1001100001",[93])
("1001100010",[349])
("1001100011",[861])
("1001100100",[477])
("1001100101",[989])
("1001100110",[733])
("1001100111",[221])
("1001101000",[541])
("1001101001",[29])
("1001101010",[797])
("1001101011",[285])
("1001101100",[157])
("1001101101",[669])
("1001101110",[925])
("1001101111",[413])
("1001110000",[61])
("1001110001",[573])
("1001110010",[317])
("1001110011",[829])
("1001110100",[701])
("1001110101",[189])
("1001110110",[445])
("1001110111",[957])
("1001111000",[381])
("1001111001",[893])
("1001111010",[125])
("1001111011",[637])
("1001111100",[253])
("1001111101",[765])
("1001111110",[509])
("1001111111",[1021])
("1010000000",[113])
("1010000001",[625])
("1010000010",[369])
("1010000011",[881])
("1010000100",[753])
("1010000101",[241])
("1010000110",[497])
("1010000111",[1009])
("1010001000",[945])
("1010001001",[433])
("1010001010",[689])
("1010001011",[177])
("1010001100",[817])
("1010001101",[305])
("1010001110",[49])
("1010001111",[561])
("1010010000",[529])
("1010010001",[17])
("1010010010",[273])
("1010010011",[785])
("1010010100",[401])
("1010010101",[913])
("1010010110",[657])
("1010010111",[145])
("1010011000",[465])
("1010011001",[977])
("1010011010",[721])
("1010011011",[209])
("1010011100",[81])
("1010011101",[593])
("1010011110",[849])
("1010011111",[337])
("1010100000",[833])
("1010100001",[321])
("1010100010",[577])
("1010100011",[65])
("1010100100",[705])
("1010100101",[193])
("1010100110",[961])
("1010100111",[449])
("1010101000",[769])
("1010101001",[257])
("1010101010",[1])
("1010101011",[513])
("1010101100",[385])
("1010101101",[897])
("1010101110",[129])
("1010101111",[641])
("1010110000",[289])
("1010110001",[801])
("1010110010",[545])
("1010110011",[33])
("1010110100",[929])
("1010110101",[417])
("1010110110",[673])
("1010110111",[161])
("1010111000",[609])
("1010111001",[97])
("1010111010",[353])
("1010111011",[865])
("1010111100",[481])
("1010111101",[993])
("1010111110",[737])
("1010111111",[225])
("1011000000",[985])
("1011000001",[473])
("1011000010",[729])
("1011000011",[217])
("1011000100",[857])
("1011000101",[345])
("1011000110",[89])
("1011000111",[601])
("1011001000",[921])
("1011001001",[409])
("1011001010",[153])
("1011001011",[665])
("1011001100",[537])
("1011001101",[25])
("1011001110",[281])
("1011001111",[793])
("1011010000",[441])
("1011010001",[953])
("1011010010",[697])
("1011010011",[185])
("1011010100",[57])
("1011010101",[569])
("1011010110",[825])
("1011010111",[313])
("1011011000",[761])
("1011011001",[249])
("1011011010",[505])
("1011011011",[1017])
("1011011100",[633])
("1011011101",[121])
("1011011110",[889])
("1011011111",[377])
("1011100000",[201])
("1011100001",[713])
("1011100010",[457])
("1011100011",[969])
("1011100100",[841])
("1011100101",[329])
("1011100110",[585])
("1011100111",[73])
("1011101000",[521])
("1011101001",[9])
("1011101010",[265])
("1011101011",[777])
("1011101100",[393])
("1011101101",[905])
("1011101110",[649])
("1011101111",[137])
("1011110000",[361])
("1011110001",[873])
("1011110010",[105])
("1011110011",[617])
("1011110100",[233])
("1011110101",[745])
("1011110110",[489])
("1011110111",[1001])
("1011111000",[809])
("1011111001",[297])
("1011111010",[41])
("1011111011",[553])
("1011111100",[425])
("1011111101",[937])
("1011111110",[169])
("1011111111",[681])
("1100000000",[227])
("1100000001",[739])
("1100000010",[483])
("1100000011",[995])
("1100000100",[867])
("1100000101",[355])
("1100000110",[611])
("1100000111",[99])
("1100001000",[35])
("1100001001",[547])
("1100001010",[803])
("1100001011",[291])
("1100001100",[931])
("1100001101",[419])
("1100001110",[163])
("1100001111",[675])
("1100010000",[643])
("1100010001",[131])
("1100010010",[387])
("1100010011",[899])
("1100010100",[515])
("1100010101",[3])
("1100010110",[771])
("1100010111",[259])
("1100011000",[579])
("1100011001",[67])
("1100011010",[835])
("1100011011",[323])
("1100011100",[195])
("1100011101",[707])
("1100011110",[963])
("1100011111",[451])
("1100100000",[947])
("1100100001",[435])
("1100100010",[691])
("1100100011",[179])
("1100100100",[819])
("1100100101",[307])
("1100100110",[51])
("1100100111",[563])
("1100101000",[883])
("1100101001",[371])
("1100101010",[115])
("1100101011",[627])
("1100101100",[499])
("1100101101",[1011])
("1100101110",[243])
("1100101111",[755])
("1100110000",[403])
("1100110001",[915])
("1100110010",[659])
("1100110011",[147])
("1100110100",[19])
("1100110101",[531])
("1100110110",[787])
("1100110111",[275])
("1100111000",[723])
("1100111001",[211])
("1100111010",[467])
("1100111011",[979])
("1100111100",[595])
("1100111101",[83])
("1100111110",[851])
("1100111111",[339])
("1101000000",[75])
("1101000001",[587])
("1101000010",[843])
("1101000011",[331])
("1101000100",[971])
("1101000101",[459])
("1101000110",[203])
("1101000111",[715])
("1101001000",[11])
("1101001001",[523])
("1101001010",[267])
("1101001011",[779])
("1101001100",[651])
("1101001101",[139])
("1101001110",[395])
("1101001111",[907])
("1101010000",[555])
("1101010001",[43])
("1101010010",[811])
("1101010011",[299])
("1101010100",[171])
("1101010101",[683])
("1101010110",[939])
("1101010111",[427])
("1101011000",[875])
("1101011001",[363])
("1101011010",[619])
("1101011011",[107])
("1101011100",[747])
("1101011101",[235])
("1101011110",[1003])
("1101011111",[491])
("1101100000",[315])
("1101100001",[827])
("1101100010",[571])
("1101100011",[59])
("1101100100",[955])
("1101100101",[443])
("1101100110",[699])
("1101100111",[187])
("1101101000",[635])
("1101101001",[123])
("1101101010",[379])
("1101101011",[891])
("1101101100",[507])
("1101101101",[1019])
("1101101110",[763])
("1101101111",[251])
("1101110000",[475])
("1101110001",[987])
("1101110010",[219])
("1101110011",[731])
("1101110100",[347])
("1101110101",[859])
("1101110110",[603])
("1101110111",[91])
("1101111000",[923])
("1101111001",[411])
("1101111010",[155])
("1101111011",[667])
("1101111100",[539])
("1101111101",[27])
("1101111110",[283])
("1101111111",[795])
("1110000000",[151])
("1110000001",[663])
("1110000010",[919])
("1110000011",[407])
("1110000100",[23])
("1110000101",[535])
("1110000110",[279])
("1110000111",[791])
("1110001000",[87])
("1110001001",[599])
("1110001010",[343])
("1110001011",[855])
("1110001100",[727])
("1110001101",[215])
("1110001110",[471])
("1110001111",[983])
("1110010000",[631])
("1110010001",[119])
("1110010010",[887])
("1110010011",[375])
("1110010100",[247])
("1110010101",[759])
("1110010110",[1015])
("1110010111",[503])
("1110011000",[951])
("1110011001",[439])
("1110011010",[695])
("1110011011",[183])
("1110011100",[823])
("1110011101",[311])
("1110011110",[55])
("1110011111",[567])
("1110100000",[391])
("1110100001",[903])
("1110100010",[647])
("1110100011",[135])
("1110100100",[7])
("1110100101",[519])
("1110100110",[775])
("1110100111",[263])
("1110101000",[711])
("1110101001",[199])
("1110101010",[455])
("1110101011",[967])
("1110101100",[583])
("1110101101",[71])
("1110101110",[839])
("1110101111",[327])
("1110110000",[551])
("1110110001",[39])
("1110110010",[295])
("1110110011",[807])
("1110110100",[423])
("1110110101",[935])
("1110110110",[679])
("1110110111",[167])
("1110111000",[999])
("1110111001",[487])
("1110111010",[231])
("1110111011",[743])
("1110111100",[615])
("1110111101",[103])
("1110111110",[359])
("1110111111",[871])
("1111000000",[783])
("1111000001",[271])
("1111000010",[15])
("1111000011",[527])
("1111000100",[399])
("1111000101",[911])
("1111000110",[143])
("1111000111",[655])
("1111001000",[79])
("1111001001",[591])
("1111001010",[847])
("1111001011",[335])
("1111001100",[975])
("1111001101",[463])
("1111001110",[207])
("1111001111",[719])
("1111010000",[943])
("1111010001",[431])
("1111010010",[687])
("1111010011",[175])
("1111010100",[815])
("1111010101",[303])
("1111010110",[47])
("1111010111",[559])
("1111011000",[367])
("1111011001",[879])
("1111011010",[623])
("1111011011",[111])
("1111011100",[1007])
("1111011101",[495])
("1111011110",[751])
("1111011111",[239])
("1111100000",[863])
("1111100001",[351])
("1111100010",[607])
("1111100011",[95])
("1111100100",[735])
("1111100101",[223])
("1111100110",[991])
("1111100111",[479])
("1111101000",[287])
("1111101001",[799])
("1111101010",[543])
("1111101011",[31])
("1111101100",[927])
("1111101101",[415])
("1111101110",[671])
("1111101111",[159])
("1111110000",[575])
("1111110001",[63])
("1111110010",[831])
("1111110011",[319])
("1111110100",[191])
("1111110101",[703])
("1111110110",[959])
("1111110111",[447])
("1111111000",[383])
("1111111001",[895])
("1111111010",[127])
("1111111011",[639])
("1111111100",[255])
("1111111101",[767])
("1111111110",[511])
("1111111111",[1023])
vOIB@10

C:\me\Haskell\CollatzExpansion>



