C:\me\Haskell\CollatzMod>CollatzMod
素数pを入力してください
25
Z/pZ : [0,1,2,3,4,5,6,7,8,9,10,11,12,13,14,15,16,17,18,19,20,21,22,23,24]
A : [[0],[1,2,3,4,6,7,8,9,11,12,13,14,16,17,18,19,21,22,23,24],[5,10,15,20]]
Z/3pZ : [0,1,2,3,4,5,6,7,8,9,10,11,12,13,14,15,16,17,18,19,20,21,22,23,24,25,26,27,28,29,30,31,32,33,34,35,36,37,38,39,40,41,42,43,44,45,46,47,48,49,50,51,52,53,54,55,56,57,58,59,60,61,62,63,64,65,66,67,68,69,70,71,72,73,74]
B : [[1,2,4,8,16,17,19,23,31,32,34,38,46,47,49,53,61,62,64,68],[5,10,20,40],[7,11,13,14,22,26,28,29,37,41,43,44,52,56,58,59,67,71,73,74],[35,55,65,70]]
(3) tuple : [(0,Just 0),(1,Just 0),(1,Just 2),(1,Just 1),(2,Just 0),(1,Nothing),(1,Just 3)]
(4) A' No. : [0,2]
C : [[5,10,20,40,80,85,95,115,155,160,170,190],[7,11,13,14,22,26,28,29,37,41,43,44,52,56,58,59,67,71,73,74,82,86,88,89,97,101,103,104,112,116,118,119,127,131,133,134,142,146,148,149,157,161,163,164,172,176,178,179,187,191,193,194,202,206,208,209,217,221,223,224],[35,55,65,70,110,130,140,145,185,205,215,220]]
(6) tuple : [(0,Nothing),(0,Just 1),(0,Just 2),(0,Just 0)]
一度も現れなかったCi : []
C : [[5,10,20,40,80,85,95,115,155,160,170,190],[7,11,13,14,22,26,28,29,37,41,43,44,52,56,58,59,67,71,73,74,82,86,88,89,97,101,103,104,112,116,118,119,127,131,133,134,142,146,148,149,157,161,163,164,172,176,178,179,187,191,193,194,202,206,208,209,217,221,223,224],[35,55,65,70,110,130,140,145,185,205,215,220]]
(6) tuple : [(0,Nothing),(0,Just 1),(0,Just 2),(0,Just 0)]
一度も現れなかったCi : []
プログラムは正常終了しました。

C:\me\Haskell\CollatzMod>CollatzMod
素数pを入力してください
21
Z/pZ : [0,1,2,3,4,5,6,7,8,9,10,11,12,13,14,15,16,17,18,19,20]
A : [[0],[1,2,4,8,11,16],[3,6,12],[5,10,13,17,19,20],[7,14],[9,15,18]]
Z/3pZ : [0,1,2,3,4,5,6,7,8,9,10,11,12,13,14,15,16,17,18,19,20,21,22,23,24,25,26,27,28,29,30,31,32,33,34,35,36,37,38,39,40,41,42,43,44,45,46,47,48,49,50,51,52,53,54,55,56,57,58,59,60,61,62]
B : [[1,2,4,8,16,32],[5,10,17,20,34,40],[7,14,28,35,49,56],[11,22,25,37,44,50],[13,19,26,38,41,52],[23,29,43,46,53,58],[31,47,55,59,61,62]]
(3) tuple : [(0,Just 0),(1,Just 0),(1,Just 2),(2,Just 1),(1,Just 4),(3,Just 0),(2,Just 4),(4,Just 3),(1,Just 3),(5,Just 2),(3,Just 6),(1,Just 1),(2,Just 3),(3,Just 1),(4,Just 5),(5,Just 5),(3,Just 4),(5,Just 6),(3,Just 5)]
(4) A' No. : [0,1,2,3,4,5]
C : [[5,10,17,20,34,40,68,73,80,83,97,103,131,136,143,146,160,166],[7,14,28,35,49,56,70,77,91,98,112,119,133,140,154,161,175,182],[11,22,25,37,44,50,74,85,88,100,107,113,137,148,151,163,170,176],[13,19,26,38,41,52,76,82,89,101,104,115,139,145,152,164,167,178],[23,29,43,46,53,58,86,92,106,109,116,121,149,155,169,172,179,184],[31,47,55,59,61,62,94,110,118,122,124,125,157,173,181,185,187,188]]
(6) tuple : [(0,Nothing),(0,Just 1),(0,Just 3),(0,Just 2),(0,Just 0)]
一度も現れなかったCi : [4,5]
D : [[23,29,43,46,53,58,86,92,106,109,116,121,149,155,169,172,179,184,212,218,232,235,242,247,275,281,295,298,305,310,338,344,358,361,368,373,401,407,421,424,431,436,464,470,484,487,494,499,527,533,547,550,557,562]]
(8) tuple : [(0,Nothing),(0,Just 0),(1,Nothing),(1,Just 0),(2,Nothing),(3,Nothing),(3,Just 0)]
一度も現れなかったDi : []
D : [[31,47,55,59,61,62,94,110,118,122,124,125,157,173,181,185,187,188,220,236,244,248,250,251,283,299,307,311,313,314,346,362,370,374,376,377,409,425,433,437,439,440,472,488,496,500,502,503,535,551,559,563,565,566]]
(8) tuple : [(0,Nothing),(0,Just 0),(1,Nothing),(2,Nothing),(3,Nothing),(3,Just 0)]
一度も現れなかったDi : []
C : [[23,29,43,46,53,58,86,92,106,109,116,121,149,155,169,172,179,184],[31,47,55,59,61,62,94,110,118,122,124,125,157,173,181,185,187,188]]
(6) tuple : [(0,Nothing),(1,Nothing),(1,Just 1),(1,Just 0),(2,Nothing),(2,Just 0),(3,Nothing),(4,Nothing),(4,Just 0),(4,Just 1)]
一度も現れなかったCi : []
C : [[1,2,4,8,16,32,64,65,67,71,79,95,127,128,130,134,142,158],[7,14,28,35,49,56,70,77,91,98,112,119,133,140,154,161,175,182],[23,29,43,46,53,58,86,92,106,109,116,121,149,155,169,172,179,184],[31,47,55,59,61,62,94,110,118,122,124,125,157,173,181,185,187,188]]
(6) tuple : [(1,Just 0),(1,Just 3),(1,Nothing),(1,Just 2),(3,Nothing),(3,Just 0),(3,Just 1),(4,Nothing),(4,Just 2),(4,Just 0),(4,Just 3)]
一度も現れなかったCi : []
C : [[7,14,28,35,49,56,70,77,91,98,112,119,133,140,154,161,175,182],[11,22,25,37,44,50,74,85,88,100,107,113,137,148,151,163,170,176]]
(6) tuple : [(0,Nothing),(0,Just 0),(0,Just 1),(1,Nothing),(4,Nothing),(5,Just 0),(5,Just 1),(5,Nothing),(6,Nothing)]
一度も現れなかったCi : []
C : [[1,2,4,8,16,32,64,65,67,71,79,95,127,128,130,134,142,158],[5,10,17,20,34,40,68,73,80,83,97,103,131,136,143,146,160,166],[7,14,28,35,49,56,70,77,91,98,112,119,133,140,154,161,175,182],[13,19,26,38,41,52,76,82,89,101,104,115,139,145,152,164,167,178],[31,47,55,59,61,62,94,110,118,122,124,125,157,173,181,185,187,188]]
(6) tuple : [(3,Just 1),(3,Just 0),(3,Just 3),(3,Just 2),(3,Nothing),(5,Just 2),(5,Nothing),(5,Just 0),(5,Just 3),(5,Just 1)]
一度も現れなかったCi : [4]
D : [[31,47,55,59,61,62,94,110,118,122,124,125,157,173,181,185,187,188,220,236,244,248,250,251,283,299,307,311,313,314,346,362,370,374,376,377,409,425,433,437,439,440,472,488,496,500,502,503,535,551,559,563,565,566]]
(8) tuple : [] ★★あやしい
一度も現れなかったDi : [0]
D : [[31,47,55,59,61,62,94,110,118,122,124,125,157,173,181,185,187,188,220,236,244,248,250,251,283,299,307,311,313,314,346,362,370,374,376,377,409,425,433,437,439,440,472,488,496,500,502,503,535,551,559,563,565,566,598,614,622,626,628,629,661,677,685,689,691,692,724,740,748,752,754,755,787,803,811,815,817,818,850,866,874,878,880,881,913,929,937,941,943,944,976,992,1000,1004,1006,1007,1039,1055,1063,1067,1069,1070,1102,1118,1126,1130,1132,1133,1165,1181,1189,1193,1195,1196,1228,1244,1252,1256,1258,1259,1291,1307,1315,1319,1321,1322,1354,1370,1378,1382,1384,1385,1417,1433,1441,1445,1447,1448,1480,1496,1504,1508,1510,1511,1543,1559,1567,1571,1573,1574,1606,1622,1630,1634,1636,1637,1669,1685,1693,1697,1699,1700]]
(8) tuple : [] ★★あやしい
一度も現れなかったDi : [0]
D : [[31,47,55,59,61,62,94,110,118,122,124,125,157,173,181,185,187,188,220,236,244,248,250,251,283,299,307,311,313,314,346,362,370,374,376,377,409,425,433,437,439,440,472,488,496,500,502,503,535,551,559,563,565,566,598,614,622,626,628,629,661,677,685,689,691,692,724,740,748,752,754,755,787,803,811,815,817,818,850,866,874,878,880,881,913,929,937,941,943,944,976,992,1000,1004,1006,1007,1039,1055,1063,1067,1069,1070,1102,1118,1126,1130,1132,1133,1165,1181,1189,1193,1195,1196,1228,1244,1252,1256,1258,1259,1291,1307,1315,1319,1321,1322,1354,1370,1378,1382,1384,1385,1417,1433,1441,1445,1447,1448,1480,1496,1504,1508,1510,1511,1543,1559,1567,1571,1573,1574,1606,1622,1630,1634,1636,1637,1669,1685,1693,1697,1699,1700,1732,1748,1756,1760,1762,1763,1795,1811,1819,1823,1825,1826,1858,1874,1882,1886,1888,1889,1921,1937,1945,1949,1951,1952,1984,2000,2008,2012,2014,2015,2047,2063,2071,2075,2077,2078,2110,2126,2134,2138,2140,2141,2173,2189,2197,2201,2203,2204,2236,2252,2260,2264,2266,2267,2299,2315,2323,2327,2329,2330,2362,2378,2386,2390,2392,2393,2425,2441,2449,2453,2455,2456,2488,2504,2512,2516,2518,2519,2551,2567,2575,2579,2581,2582,2614,2630,2638,2642,2644,2645,2677,2693,2701,2705,2707,2708,2740,2756,2764,2768,2770,2771,2803,2819,2827,2831,2833,2834,2866,2882,2890,2894,2896,2897,2929,2945,2953,2957,2959,2960,2992,3008,3016,3020,3022,3023,3055,3071,3079,3083,3085,3086,3118,3134,3142,3146,3148,3149,3181,3197,3205,3209,3211,3212,3244,3260,3268,3272,3274,3275,3307,3323,3331,3335,3337,3338,3370,3386,3394,3398,3400,3401,3433,3449,3457,3461,3463,3464,3496,3512,3520,3524,3526,3527,3559,3575,3583,3587,3589,3590,3622,3638,3646,3650,3652,3653,3685,3701,3709,3713,3715,3716,3748,3764,3772,3776,3778,3779,3811,3827,3835,3839,3841,3842,3874,3890,3898,3902,3904,3905,3937,3953,3961,3965,3967,3968,4000,4016,4024,4028,4030,4031,4063,4079,4087,4091,4093,4094,4126,4142,4150,4154,4156,4157,4189,4205,4213,4217,4219,4220,4252,4268,4276,4280,4282,4283,4315,4331,4339,4343,4345,4346,4378,4394,4402,4406,4408,4409,4441,4457,4465,4469,4471,4472,4504,4520,4528,4532,4534,4535,4567,4583,4591,4595,4597,4598,4630,4646,4654,4658,4660,4661,4693,4709,4717,4721,4723,4724,4756,4772,4780,4784,4786,4787,4819,4835,4843,4847,4849,4850,4882,4898,4906,4910,4912,4913,4945,4961,4969,4973,4975,4976,5008,5024,5032,5036,5038,5039,5071,5087,5095,5099,5101,5102]]
(8) tuple : [] ★★あやしい
一度も現れなかったDi : [0]
D : [[31,47,55,59,61,62,94,110,118,122,124,125,157,173,181,185,187,188,220,236,244,248,250,251,283,299,307,311,313,314,346,362,370,374,376,377,409,425,433,437,439,440,472,488,496,500,502,503,535,551,559,563,565,566,598,614,622,626,628,629,661,677,685,689,691,692,724,740,748,752,754,755,787,803,811,815,817,818,850,866,874,878,880,881,913,929,937,941,943,944,976,992,1000,1004,1006,1007,1039,1055,1063,1067,1069,1070,1102,1118,1126,1130,1132,1133,1165,1181,1189,1193,1195,1196,1228,1244,1252,1256,1258,1259,1291,1307,1315,1319,1321,1322,1354,1370,1378,1382,1384,1385,1417,1433,1441,1445,1447,1448,1480,1496,1504,1508,1510,1511,1543,1559,1567,1571,1573,1574,1606,1622,1630,1634,1636,1637,1669,1685,1693,1697,1699,1700,1732,1748,1756,1760,1762,1763,1795,1811,1819,1823,1825,1826,1858,1874,1882,1886,1888,1889,1921,1937,1945,1949,1951,1952,1984,2000,2008,2012,2014,2015,2047,2063,2071,2075,2077,2078,2110,2126,2134,2138,2140,2141,2173,2189,2197,2201,2203,2204,2236,2252,2260,2264,2266,2267,2299,2315,2323,2327,2329,2330,2362,2378,2386,2390,2392,2393,2425,2441,2449,2453,2455,2456,2488,2504,2512,2516,2518,2519,2551,2567,2575,2579,2581,2582,2614,2630,2638,2642,2644,2645,2677,2693,2701,2705,2707,2708,2740,2756,2764,2768,2770,2771,2803,2819,2827,2831,2833,2834,2866,2882,2890,2894,2896,2897,2929,2945,2953,2957,2959,2960,2992,3008,3016,3020,3022,3023,3055,3071,3079,3083,3085,3086,3118,3134,3142,3146,3148,3149,3181,3197,3205,3209,3211,3212,3244,3260,3268,3272,3274,3275,3307,3323,3331,3335,3337,3338,3370,3386,3394,3398,3400,3401,3433,3449,3457,3461,3463,3464,3496,3512,3520,3524,3526,3527,3559,3575,3583,3587,3589,3590,3622,3638,3646,3650,3652,3653,3685,3701,3709,3713,3715,3716,3748,3764,3772,3776,3778,3779,3811,3827,3835,3839,3841,3842,3874,3890,3898,3902,3904,3905,3937,3953,3961,3965,3967,3968,4000,4016,4024,4028,4030,4031,4063,4079,4087,4091,4093,4094,4126,4142,4150,4154,4156,4157,4189,4205,4213,4217,4219,4220,4252,4268,4276,4280,4282,4283,4315,4331,4339,4343,4345,4346,4378,4394,4402,4406,4408,4409,4441,4457,4465,4469,4471,4472,4504,4520,4528,4532,4534,4535,4567,4583,4591,4595,4597,4598,4630,4646,4654,4658,4660,4661,4693,4709,4717,4721,4723,4724,4756,4772,4780,4784,4786,4787,4819,4835,4843,4847,4849,4850,4882,4898,4906,4910,4912,4913,4945,4961,4969,4973,4975,4976,5008,5024,5032,5036,5038,5039,5071,5087,5095,5099,5101,5102,5134,5150,5158,5162,5164,5165,5197,5213,5221,5225,5227,5228,5260,5276,5284,5288,5290,5291,5323,5339,5347,5351,5353,5354,5386,5402,5410,5414,5416,5417,5449,5465,5473,5477,5479,5480,5512,5528,5536,5540,5542,5543,5575,5591,5599,5603,5605,5606,5638,5654,5662,5666,5668,5669,5701,5717,5725,5729,5731,5732,5764,5780,5788,5792,5794,5795,5827,5843,5851,5855,5857,5858,5890,5906,5914,5918,5920,5921,5953,5969,5977,5981,5983,5984,6016,6032,6040,6044,6046,6047,6079,6095,6103,6107,6109,6110,6142,6158,6166,6170,6172,6173,6205,6221,6229,6233,6235,6236,6268,6284,6292,6296,6298,6299,6331,6347,6355,6359,6361,6362,6394,6410,6418,6422,6424,6425,6457,6473,6481,6485,6487,6488,6520,6536,6544,6548,6550,6551,6583,6599,6607,6611,6613,6614,6646,6662,6670,6674,6676,6677,6709,6725,6733,6737,6739,6740,6772,6788,6796,6800,6802,6803,6835,6851,6859,6863,6865,6866,6898,6914,6922,6926,6928,6929,6961,6977,6985,6989,6991,6992,7024,7040,7048,7052,7054,7055,7087,7103,7111,7115,7117,7118,7150,7166,7174,7178,7180,7181,7213,7229,7237,7241,7243,7244,7276,7292,7300,7304,7306,7307,7339,7355,7363,7367,7369,7370,7402,7418,7426,7430,7432,7433,7465,7481,7489,7493,7495,7496,7528,7544,7552,7556,7558,7559,7591,7607,7615,7619,7621,7622,7654,7670,7678,7682,7684,7685,7717,7733,7741,7745,7747,7748,7780,7796,7804,7808,7810,7811,7843,7859,7867,7871,7873,7874,7906,7922,7930,7934,7936,7937,7969,7985,7993,7997,7999,8000,8032,8048,8056,8060,8062,8063,8095,8111,8119,8123,8125,8126,8158,8174,8182,8186,8188,8189,8221,8237,8245,8249,8251,8252,8284,8300,8308,8312,8314,8315,8347,8363,8371,8375,8377,8378,8410,8426,8434,8438,8440,8441,8473,8489,8497,8501,8503,8504,8536,8552,8560,8564,8566,8567,8599,8615,8623,8627,8629,8630,8662,8678,8686,8690,8692,8693,8725,8741,8749,8753,8755,8756,8788,8804,8812,8816,8818,8819,8851,8867,8875,8879,8881,8882,8914,8930,8938,8942,8944,8945,8977,8993,9001,9005,9007,9008,9040,9056,9064,9068,9070,9071,9103,9119,9127,9131,9133,9134,9166,9182,9190,9194,9196,9197,9229,9245,9253,9257,9259,9260,9292,9308,9316,9320,9322,9323,9355,9371,9379,9383,9385,9386,9418,9434,9442,9446,9448,9449,9481,9497,9505,9509,9511,9512,9544,9560,9568,9572,9574,9575,9607,9623,9631,9635,9637,9638,9670,9686,9694,9698,9700,9701,9733,9749,9757,9761,9763,9764,9796,9812,9820,9824,9826,9827,9859,9875,9883,9887,9889,9890,9922,9938,9946,9950,9952,9953,9985,10001,10009,10013,10015,10016,10048,10064,10072,10076,10078,10079,10111,10127,10135,10139,10141,10142,10174,10190,10198,10202,10204,10205,10237,10253,10261,10265,10267,10268,10300,10316,10324,10328,10330,10331,10363,10379,10387,10391,10393,10394,10426,10442,10450,10454,10456,10457,10489,10505,10513,10517,10519,10520,10552,10568,10576,10580,10582,10583,10615,10631,10639,10643,10645,10646,10678,10694,10702,10706,10708,10709,10741,10757,10765,10769,10771,10772,10804,10820,10828,10832,10834,10835,10867,10883,10891,10895,10897,10898,10930,10946,10954,10958,10960,10961,10993,11009,11017,11021,11023,11024,11056,11072,11080,11084,11086,11087,11119,11135,11143,11147,11149,11150,11182,11198,11206,11210,11212,11213,11245,11261,11269,11273,11275,11276,11308,11324,11332,11336,11338,11339,11371,11387,11395,11399,11401,11402,11434,11450,11458,11462,11464,11465,11497,11513,11521,11525,11527,11528,11560,11576,11584,11588,11590,11591,11623,11639,11647,11651,11653,11654,11686,11702,11710,11714,11716,11717,11749,11765,11773,11777,11779,11780,11812,11828,11836,11840,11842,11843,11875,11891,11899,11903,11905,11906,11938,11954,11962,11966,11968,11969,12001,12017,12025,12029,12031,12032,12064,12080,12088,12092,12094,12095,12127,12143,12151,12155,12157,12158,12190,12206,12214,12218,12220,12221,12253,12269,12277,12281,12283,12284,12316,12332,12340,12344,12346,12347,12379,12395,12403,12407,12409,12410,12442,12458,12466,12470,12472,12473,12505,12521,12529,12533,12535,12536,12568,12584,12592,12596,12598,12599,12631,12647,12655,12659,12661,12662,12694,12710,12718,12722,12724,12725,12757,12773,12781,12785,12787,12788,12820,12836,12844,12848,12850,12851,12883,12899,12907,12911,12913,12914,12946,12962,12970,12974,12976,12977,13009,13025,13033,13037,13039,13040,13072,13088,13096,13100,13102,13103,13135,13151,13159,13163,13165,13166,13198,13214,13222,13226,13228,13229,13261,13277,13285,13289,13291,13292,13324,13340,13348,13352,13354,13355,13387,13403,13411,13415,13417,13418,13450,13466,13474,13478,13480,13481,13513,13529,13537,13541,13543,13544,13576,13592,13600,13604,13606,13607,13639,13655,13663,13667,13669,13670,13702,13718,13726,13730,13732,13733,13765,13781,13789,13793,13795,13796,13828,13844,13852,13856,13858,13859,13891,13907,13915,13919,13921,13922,13954,13970,13978,13982,13984,13985,14017,14033,14041,14045,14047,14048,14080,14096,14104,14108,14110,14111,14143,14159,14167,14171,14173,14174,14206,14222,14230,14234,14236,14237,14269,14285,14293,14297,14299,14300,14332,14348,14356,14360,14362,14363,14395,14411,14419,14423,14425,14426,14458,14474,14482,14486,14488,14489,14521,14537,14545,14549,14551,14552,14584,14600,14608,14612,14614,14615,14647,14663,14671,14675,14677,14678,14710,14726,14734,14738,14740,14741,14773,14789,14797,14801,14803,14804,14836,14852,14860,14864,14866,14867,14899,14915,14923,14927,14929,14930,14962,14978,14986,14990,14992,14993,15025,15041,15049,15053,15055,15056,15088,15104,15112,15116,15118,15119,15151,15167,15175,15179,15181,15182,15214,15230,15238,15242,15244,15245,15277,15293,15301,15305,15307,15308]]
(8) tuple : [] ★★あやしい
一度も現れなかったDi : [0]
D : [[31,47,55,59,61,62,94,110,118,122,124,125,157,173,181,185,187,188,220,236,244,248,250,251,283,299,307,311,313,314,346,362,370,374,376,377,409,425,433,437,439,440,472,488,496,500,502,503,535,551,559,563,565,566,598,614,622,626,628,629,661,677,685,689,691,692,724,740,748,752,754,755,787,803,811,815,817,818,850,866,874,878,880,881,913,929,937,941,943,944,976,992,1000,1004,1006,1007,1039,1055,1063,1067,1069,1070,1102,1118,1126,1130,1132,1133,1165,1181,1189,1193,1195,1196,1228,1244,1252,1256,1258,1259,1291,1307,1315,1319,1321,1322,1354,1370,1378,1382,1384,1385,1417,1433,1441,1445,1447,1448,1480,1496,1504,1508,1510,1511,1543,1559,1567,1571,1573,1574,1606,1622,1630,1634,1636,1637,1669,1685,1693,1697,1699,1700,1732,1748,1756,1760,1762,1763,1795,1811,1819,1823,1825,1826,1858,1874,1882,1886,1888,1889,1921,1937,1945,1949,1951,1952,1984,2000,2008,2012,2014,2015,2047,2063,2071,2075,2077,2078,2110,2126,2134,2138,2140,2141,2173,2189,2197,2201,2203,2204,2236,2252,2260,2264,2266,2267,2299,2315,2323,2327,2329,2330,2362,2378,2386,2390,2392,2393,2425,2441,2449,2453,2455,2456,2488,2504,2512,2516,2518,2519,2551,2567,2575,2579,2581,2582,2614,2630,2638,2642,2644,2645,2677,2693,2701,2705,2707,2708,2740,2756,2764,2768,2770,2771,2803,2819,2827,2831,2833,2834,2866,2882,2890,2894,2896,2897,2929,2945,2953,2957,2959,2960,2992,3008,3016,3020,3022,3023,3055,3071,3079,3083,3085,3086,3118,3134,3142,3146,3148,3149,3181,3197,3205,3209,3211,3212,3244,3260,3268,3272,3274,3275,3307,3323,3331,3335,3337,3338,3370,3386,3394,3398,3400,3401,3433,3449,3457,3461,3463,3464,3496,3512,3520,3524,3526,3527,3559,3575,3583,3587,3589,3590,3622,3638,3646,3650,3652,3653,3685,3701,3709,3713,3715,3716,3748,3764,3772,3776,3778,3779,3811,3827,3835,3839,3841,3842,3874,3890,3898,3902,3904,3905,3937,3953,3961,3965,3967,3968,4000,4016,4024,4028,4030,4031,4063,4079,4087,4091,4093,4094,4126,4142,4150,4154,4156,4157,4189,4205,4213,4217,4219,4220,4252,4268,4276,4280,4282,4283,4315,4331,4339,4343,4345,4346,4378,4394,4402,4406,4408,4409,4441,4457,4465,4469,4471,4472,4504,4520,4528,4532,4534,4535,4567,4583,4591,4595,4597,4598,4630,4646,4654,4658,4660,4661,4693,4709,4717,4721,4723,4724,4756,4772,4780,4784,4786,4787,4819,4835,4843,4847,4849,4850,4882,4898,4906,4910,4912,4913,4945,4961,4969,4973,4975,4976,5008,5024,5032,5036,5038,5039,5071,5087,5095,5099,5101,5102,5134,5150,5158,5162,5164,5165,5197,5213,5221,5225,5227,5228,5260,5276,5284,5288,5290,5291,5323,5339,5347,5351,5353,5354,5386,5402,5410,5414,5416,5417,5449,5465,5473,5477,5479,5480,5512,5528,5536,5540,5542,5543,5575,5591,5599,5603,5605,5606,5638,5654,5662,5666,5668,5669,5701,5717,5725,5729,5731,5732,5764,5780,5788,5792,5794,5795,5827,5843,5851,5855,5857,5858,5890,5906,5914,5918,5920,5921,5953,5969,5977,5981,5983,5984,6016,6032,6040,6044,6046,6047,6079,6095,6103,6107,6109,6110,6142,6158,6166,6170,6172,6173,6205,6221,6229,6233,6235,6236,6268,6284,6292,6296,6298,6299,6331,6347,6355,6359,6361,6362,6394,6410,6418,6422,6424,6425,6457,6473,6481,6485,6487,6488,6520,6536,6544,6548,6550,6551,6583,6599,6607,6611,6613,6614,6646,6662,6670,6674,6676,6677,6709,6725,6733,6737,6739,6740,6772,6788,6796,6800,6802,6803,6835,6851,6859,6863,6865,6866,6898,6914,6922,6926,6928,6929,6961,6977,6985,6989,6991,6992,7024,7040,7048,7052,7054,7055,7087,7103,7111,7115,7117,7118,7150,7166,7174,7178,7180,7181,7213,7229,7237,7241,7243,7244,7276,7292,7300,7304,7306,7307,7339,7355,7363,7367,7369,7370,7402,7418,7426,7430,7432,7433,7465,7481,7489,7493,7495,7496,7528,7544,7552,7556,7558,7559,7591,7607,7615,7619,7621,7622,7654,7670,7678,7682,7684,7685,7717,7733,7741,7745,7747,7748,7780,7796,7804,7808,7810,7811,7843,7859,7867,7871,7873,7874,7906,7922,7930,7934,7936,7937,7969,7985,7993,7997,7999,8000,8032,8048,8056,8060,8062,8063,8095,8111,8119,8123,8125,8126,8158,8174,8182,8186,8188,8189,8221,8237,8245,8249,8251,8252,8284,8300,8308,8312,8314,8315,8347,8363,8371,8375,8377,8378,8410,8426,8434,8438,8440,8441,8473,8489,8497,8501,8503,8504,8536,8552,8560,8564,8566,8567,8599,8615,8623,8627,8629,8630,8662,8678,8686,8690,8692,8693,8725,8741,8749,8753,8755,8756,8788,8804,8812,8816,8818,8819,8851,8867,8875,8879,8881,8882,8914,8930,8938,8942,8944,8945,8977,8993,9001,9005,9007,9008,9040,9056,9064,9068,9070,9071,9103,9119,9127,9131,9133,9134,9166,9182,9190,9194,9196,9197,9229,9245,9253,9257,9259,9260,9292,9308,9316,9320,9322,9323,9355,9371,9379,9383,9385,9386,9418,9434,9442,9446,9448,9449,9481,9497,9505,9509,9511,9512,9544,9560,9568,9572,9574,9575,9607,9623,9631,9635,9637,9638,9670,9686,9694,9698,9700,9701,9733,9749,9757,9761,9763,9764,9796,9812,9820,9824,9826,9827,9859,9875,9883,9887,9889,9890,9922,9938,9946,9950,9952,9953,9985,10001,10009,10013,10015,10016,10048,10064,10072,10076,10078,10079,10111,10127,10135,10139,10141,10142,10174,10190,10198,10202,10204,10205,10237,10253,10261,10265,10267,10268,10300,10316,10324,10328,10330,10331,10363,10379,10387,10391,10393,10394,10426,10442,10450,10454,10456,10457,10489,10505,10513,10517,10519,10520,10552,10568,10576,10580,10582,10583,10615,10631,10639,10643,10645,10646,10678,10694,10702,10706,10708,10709,10741,10757,10765,10769,10771,10772,10804,10820,10828,10832,10834,10835,10867,10883,10891,10895,10897,10898,10930,10946,10954,10958,10960,10961,10993,11009,11017,11021,11023,11024,11056,11072,11080,11084,11086,11087,11119,11135,11143,11147,11149,11150,11182,11198,11206,11210,11212,11213,11245,11261,11269,11273,11275,11276,11308,11324,11332,11336,11338,11339,11371,11387,11395,11399,11401,11402,11434,11450,11458,11462,11464,11465,11497,11513,11521,11525,11527,11528,11560,11576,11584,11588,11590,11591,11623,11639,11647,11651,11653,11654,11686,11702,11710,11714,11716,11717,11749,11765,11773,11777,11779,11780,11812,11828,11836,11840,11842,11843,11875,11891,11899,11903,11905,11906,11938,11954,11962,11966,11968,11969,12001,12017,12025,12029,12031,12032,12064,12080,12088,12092,12094,12095,12127,12143,12151,12155,12157,12158,12190,12206,12214,12218,12220,12221,12253,12269,12277,12281,12283,12284,12316,12332,12340,12344,12346,12347,12379,12395,12403,12407,12409,12410,12442,12458,12466,12470,12472,12473,12505,12521,12529,12533,12535,12536,12568,12584,12592,12596,12598,12599,12631,12647,12655,12659,12661,12662,12694,12710,12718,12722,12724,12725,12757,12773,12781,12785,12787,12788,12820,12836,12844,12848,12850,12851,12883,12899,12907,12911,12913,12914,12946,12962,12970,12974,12976,12977,13009,13025,13033,13037,13039,13040,13072,13088,13096,13100,13102,13103,13135,13151,13159,13163,13165,13166,13198,13214,13222,13226,13228,13229,13261,13277,13285,13289,13291,13292,13324,13340,13348,13352,13354,13355,13387,13403,13411,13415,13417,13418,13450,13466,13474,13478,13480,13481,13513,13529,13537,13541,13543,13544,13576,13592,13600,13604,13606,13607,13639,13655,13663,13667,13669,13670,13702,13718,13726,13730,13732,13733,13765,13781,13789,13793,13795,13796,13828,13844,13852,13856,13858,13859,13891,13907,13915,13919,13921,13922,13954,13970,13978,13982,13984,13985,14017,14033,14041,14045,14047,14048,14080,14096,14104,14108,14110,14111,14143,14159,14167,14171,14173,14174,14206,14222,14230,14234,14236,14237,14269,14285,14293,14297,14299,14300,14332,14348,14356,14360,14362,14363,14395,14411,14419,14423,14425,14426,14458,14474,14482,14486,14488,14489,14521,14537,14545,14549,14551,14552,14584,14600,14608,14612,14614,14615,14647,14663,14671,14675,14677,14678,14710,14726,14734,14738,14740,14741,14773,14789,14797,14801,14803,14804,14836,14852,14860,14864,14866,14867,14899,14915,14923,14927,14929,14930,14962,14978,14986,14990,14992,14993,15025,15041,15049,15053,15055,15056,15088,15104,15112,15116,15118,15119,15151,15167,15175,15179,15181,15182,15214,15230,15238,15242,15244,15245,15277,15293,15301,15305,15307,15308,15340,15356,15364,15368,15370,15371,15403,15419,15427,15431,15433,15434,15466,15482,15490,15494,15496,15497,15529,15545,15553,15557,15559,15560,15592,15608,15616,15620,15622,15623,15655,15671,15679,15683,15685,15686,15718,15734,15742,15746,15748,15749,15781,15797,15805,15809,15811,15812,15844,15860,15868,15872,15874,15875,15907,15923,15931,15935,15937,15938,15970,15986,15994,15998,16000,16001,16033,16049,16057,16061,16063,16064,16096,16112,16120,16124,16126,16127,16159,16175,16183,16187,16189,16190,16222,16238,16246,16250,16252,16253,16285,16301,16309,16313,16315,16316,16348,16364,16372,16376,16378,16379,16411,16427,16435,16439,16441,16442,16474,16490,16498,16502,16504,16505,16537,16553,16561,16565,16567,16568,16600,16616,16624,16628,16630,16631,16663,16679,16687,16691,16693,16694,16726,16742,16750,16754,16756,16757,16789,16805,16813,16817,16819,16820,16852,16868,16876,16880,16882,16883,16915,16931,16939,16943,16945,16946,16978,16994,17002,17006,17008,17009,17041,17057,17065,17069,17071,17072,17104,17120,17128,17132,17134,17135,17167,17183,17191,17195,17197,17198,17230,17246,17254,17258,17260,17261,17293,17309,17317,17321,17323,17324,17356,17372,17380,17384,17386,17387,17419,17435,17443,17447,17449,17450,17482,17498,17506,17510,17512,17513,17545,17561,17569,17573,17575,17576,17608,17624,17632,17636,17638,17639,17671,17687,17695,17699,17701,17702,17734,17750,17758,17762,17764,17765,17797,17813,17821,17825,17827,17828,17860,17876,17884,17888,17890,17891,17923,17939,17947,17951,17953,17954,17986,18002,18010,18014,18016,18017,18049,18065,18073,18077,18079,18080,18112,18128,18136,18140,18142,18143,18175,18191,18199,18203,18205,18206,18238,18254,18262,18266,18268,18269,18301,18317,18325,18329,18331,18332,18364,18380,18388,18392,18394,18395,18427,18443,18451,18455,18457,18458,18490,18506,18514,18518,18520,18521,18553,18569,18577,18581,18583,18584,18616,18632,18640,18644,18646,18647,18679,18695,18703,18707,18709,18710,18742,18758,18766,18770,18772,18773,18805,18821,18829,18833,18835,18836,18868,18884,18892,18896,18898,18899,18931,18947,18955,18959,18961,18962,18994,19010,19018,19022,19024,19025,19057,19073,19081,19085,19087,19088,19120,19136,19144,19148,19150,19151,19183,19199,19207,19211,19213,19214,19246,19262,19270,19274,19276,19277,19309,19325,19333,19337,19339,19340,19372,19388,19396,19400,19402,19403,19435,19451,19459,19463,19465,19466,19498,19514,19522,19526,19528,19529,19561,19577,19585,19589,19591,19592,19624,19640,19648,19652,19654,19655,19687,19703,19711,19715,19717,19718,19750,19766,19774,19778,19780,19781,19813,19829,19837,19841,19843,19844,19876,19892,19900,19904,19906,19907,19939,19955,19963,19967,19969,19970,20002,20018,20026,20030,20032,20033,20065,20081,20089,20093,20095,20096,20128,20144,20152,20156,20158,20159,20191,20207,20215,20219,20221,20222,20254,20270,20278,20282,20284,20285,20317,20333,20341,20345,20347,20348,20380,20396,20404,20408,20410,20411,20443,20459,20467,20471,20473,20474,20506,20522,20530,20534,20536,20537,20569,20585,20593,20597,20599,20600,20632,20648,20656,20660,20662,20663,20695,20711,20719,20723,20725,20726,20758,20774,20782,20786,20788,20789,20821,20837,20845,20849,20851,20852,20884,20900,20908,20912,20914,20915,20947,20963,20971,20975,20977,20978,21010,21026,21034,21038,21040,21041,21073,21089,21097,21101,21103,21104,21136,21152,21160,21164,21166,21167,21199,21215,21223,21227,21229,21230,21262,21278,21286,21290,21292,21293,21325,21341,21349,21353,21355,21356,21388,21404,21412,21416,21418,21419,21451,21467,21475,21479,21481,21482,21514,21530,21538,21542,21544,21545,21577,21593,21601,21605,21607,21608,21640,21656,21664,21668,21670,21671,21703,21719,21727,21731,21733,21734,21766,21782,21790,21794,21796,21797,21829,21845,21853,21857,21859,21860,21892,21908,21916,21920,21922,21923,21955,21971,21979,21983,21985,21986,22018,22034,22042,22046,22048,22049,22081,22097,22105,22109,22111,22112,22144,22160,22168,22172,22174,22175,22207,22223,22231,22235,22237,22238,22270,22286,22294,22298,22300,22301,22333,22349,22357,22361,22363,22364,22396,22412,22420,22424,22426,22427,22459,22475,22483,22487,22489,22490,22522,22538,22546,22550,22552,22553,22585,22601,22609,22613,22615,22616,22648,22664,22672,22676,22678,22679,22711,22727,22735,22739,22741,22742,22774,22790,22798,22802,22804,22805,22837,22853,22861,22865,22867,22868,22900,22916,22924,22928,22930,22931,22963,22979,22987,22991,22993,22994,23026,23042,23050,23054,23056,23057,23089,23105,23113,23117,23119,23120,23152,23168,23176,23180,23182,23183,23215,23231,23239,23243,23245,23246,23278,23294,23302,23306,23308,23309,23341,23357,23365,23369,23371,23372,23404,23420,23428,23432,23434,23435,23467,23483,23491,23495,23497,23498,23530,23546,23554,23558,23560,23561,23593,23609,23617,23621,23623,23624,23656,23672,23680,23684,23686,23687,23719,23735,23743,23747,23749,23750,23782,23798,23806,23810,23812,23813,23845,23861,23869,23873,23875,23876,23908,23924,23932,23936,23938,23939,23971,23987,23995,23999,24001,24002,24034,24050,24058,24062,24064,24065,24097,24113,24121,24125,24127,24128,24160,24176,24184,24188,24190,24191,24223,24239,24247,24251,24253,24254,24286,24302,24310,24314,24316,24317,24349,24365,24373,24377,24379,24380,24412,24428,24436,24440,24442,24443,24475,24491,24499,24503,24505,24506,24538,24554,24562,24566,24568,24569,24601,24617,24625,24629,24631,24632,24664,24680,24688,24692,24694,24695,24727,24743,24751,24755,24757,24758,24790,24806,24814,24818,24820,24821,24853,24869,24877,24881,24883,24884,24916,24932,24940,24944,24946,24947,24979,24995,25003,25007,25009,25010,25042,25058,25066,25070,25072,25073,25105,25121,25129,25133,25135,25136,25168,25184,25192,25196,25198,25199,25231,25247,25255,25259,25261,25262,25294,25310,25318,25322,25324,25325,25357,25373,25381,25385,25387,25388,25420,25436,25444,25448,25450,25451,25483,25499,25507,25511,25513,25514,25546,25562,25570,25574,25576,25577,25609,25625,25633,25637,25639,25640,25672,25688,25696,25700,25702,25703,25735,25751,25759,25763,25765,25766,25798,25814,25822,25826,25828,25829,25861,25877,25885,25889,25891,25892,25924,25940,25948,25952,25954,25955,25987,26003,26011,26015,26017,26018,26050,26066,26074,26078,26080,26081,26113,26129,26137,26141,26143,26144,26176,26192,26200,26204,26206,26207,26239,26255,26263,26267,26269,26270,26302,26318,26326,26330,26332,26333,26365,26381,26389,26393,26395,26396,26428,26444,26452,26456,26458,26459,26491,26507,26515,26519,26521,26522,26554,26570,26578,26582,26584,26585,26617,26633,26641,26645,26647,26648,26680,26696,26704,26708,26710,26711,26743,26759,26767,26771,26773,26774,26806,26822,26830,26834,26836,26837,26869,26885,26893,26897,26899,26900,26932,26948,26956,26960,26962,26963,26995,27011,27019,27023,27025,27026,27058,27074,27082,27086,27088,27089,27121,27137,27145,27149,27151,27152,27184,27200,27208,27212,27214,27215,27247,27263,27271,27275,27277,27278,27310,27326,27334,27338,27340,27341,27373,27389,27397,27401,27403,27404,27436,27452,27460,27464,27466,27467,27499,27515,27523,27527,27529,27530,27562,27578,27586,27590,27592,27593,27625,27641,27649,27653,27655,27656,27688,27704,27712,27716,27718,27719,27751,27767,27775,27779,27781,27782,27814,27830,27838,27842,27844,27845,27877,27893,27901,27905,27907,27908,27940,27956,27964,27968,27970,27971,28003,28019,28027,28031,28033,28034,28066,28082,28090,28094,28096,28097,28129,28145,28153,28157,28159,28160,28192,28208,28216,28220,28222,28223,28255,28271,28279,28283,28285,28286,28318,28334,28342,28346,28348,28349,28381,28397,28405,28409,28411,28412,28444,28460,28468,28472,28474,28475,28507,28523,28531,28535,28537,28538,28570,28586,28594,28598,28600,28601,28633,28649,28657,28661,28663,28664,28696,28712,28720,28724,28726,28727,28759,28775,28783,28787,28789,28790,28822,28838,28846,28850,28852,28853,28885,28901,28909,28913,28915,28916,28948,28964,28972,28976,28978,28979,29011,29027,29035,29039,29041,29042,29074,29090,29098,29102,29104,29105,29137,29153,29161,29165,29167,29168,29200,29216,29224,29228,29230,29231,29263,29279,29287,29291,29293,29294,29326,29342,29350,29354,29356,29357,29389,29405,29413,29417,29419,29420,29452,29468,29476,29480,29482,29483,29515,29531,29539,29543,29545,29546,29578,29594,29602,29606,29608,29609,29641,29657,29665,29669,29671,29672,29704,29720,29728,29732,29734,29735,29767,29783,29791,29795,29797,29798,29830,29846,29854,29858,29860,29861,29893,29909,29917,29921,29923,29924,29956,29972,29980,29984,29986,29987,30019,30035,30043,30047,30049,30050,30082,30098,30106,30110,30112,30113,30145,30161,30169,30173,30175,30176,30208,30224,30232,30236,30238,30239,30271,30287,30295,30299,30301,30302,30334,30350,30358,30362,30364,30365,30397,30413,30421,30425,30427,30428,30460,30476,30484,30488,30490,30491,30523,30539,30547,30551,30553,30554,30586,30602,30610,30614,30616,30617,30649,30665,30673,30677,30679,30680,30712,30728,30736,30740,30742,30743,30775,30791,30799,30803,30805,30806,30838,30854,30862,30866,30868,30869,30901,30917,30925,30929,30931,30932,30964,30980,30988,30992,30994,30995,31027,31043,31051,31055,31057,31058,31090,31106,31114,31118,31120,31121,31153,31169,31177,31181,31183,31184,31216,31232,31240,31244,31246,31247,31279,31295,31303,31307,31309,31310,31342,31358,31366,31370,31372,31373,31405,31421,31429,31433,31435,31436,31468,31484,31492,31496,31498,31499,31531,31547,31555,31559,31561,31562,31594,31610,31618,31622,31624,31625,31657,31673,31681,31685,31687,31688,31720,31736,31744,31748,31750,31751,31783,31799,31807,31811,31813,31814,31846,31862,31870,31874,31876,31877,31909,31925,31933,31937,31939,31940,31972,31988,31996,32000,32002,32003,32035,32051,32059,32063,32065,32066,32098,32114,32122,32126,32128,32129,32161,32177,32185,32189,32191,32192,32224,32240,32248,32252,32254,32255,32287,32303,32311,32315,32317,32318,32350,32366,32374,32378,32380,32381,32413,32429,32437,32441,32443,32444,32476,32492,32500,32504,32506,32507,32539,32555,32563,32567,32569,32570,32602,32618,32626,32630,32632,32633,32665,32681,32689,32693,32695,32696,32728,32744,32752,32756,32758,32759,32791,32807,32815,32819,32821,32822,32854,32870,32878,32882,32884,32885,32917,32933,32941,32945,32947,32948,32980,32996,33004,33008,33010,33011,33043,33059,33067,33071,33073,33074,33106,33122,33130,33134,33136,33137,33169,33185,33193,33197,33199,33200,33232,33248,33256,33260,33262,33263,33295,33311,33319,33323,33325,33326,33358,33374,33382,33386,33388,33389,33421,33437,33445,33449,33451,33452,33484,33500,33508,33512,33514,33515,33547,33563,33571,33575,33577,33578,33610,33626,33634,33638,33640,33641,33673,33689,33697,33701,33703,33704,33736,33752,33760,33764,33766,33767,33799,33815,33823,33827,33829,33830,33862,33878,33886,33890,33892,33893,33925,33941,33949,33953,33955,33956,33988,34004,34012,34016,34018,34019,34051,34067,34075,34079,34081,34082,34114,34130,34138,34142,34144,34145,34177,34193,34201,34205,34207,34208,34240,34256,34264,34268,34270,34271,34303,34319,34327,34331,34333,34334,34366,34382,34390,34394,34396,34397,34429,34445,34453,34457,34459,34460,34492,34508,34516,34520,34522,34523,34555,34571,34579,34583,34585,34586,34618,34634,34642,34646,34648,34649,34681,34697,34705,34709,34711,34712,34744,34760,34768,34772,34774,34775,34807,34823,34831,34835,34837,34838,34870,34886,34894,34898,34900,34901,34933,34949,34957,34961,34963,34964,34996,35012,35020,35024,35026,35027,35059,35075,35083,35087,35089,35090,35122,35138,35146,35150,35152,35153,35185,35201,35209,35213,35215,35216,35248,35264,35272,35276,35278,35279,35311,35327,35335,35339,35341,35342,35374,35390,35398,35402,35404,35405,35437,35453,35461,35465,35467,35468,35500,35516,35524,35528,35530,35531,35563,35579,35587,35591,35593,35594,35626,35642,35650,35654,35656,35657,35689,35705,35713,35717,35719,35720,35752,35768,35776,35780,35782,35783,35815,35831,35839,35843,35845,35846,35878,35894,35902,35906,35908,35909,35941,35957,35965,35969,35971,35972,36004,36020,36028,36032,36034,36035,36067,36083,36091,36095,36097,36098,36130,36146,36154,36158,36160,36161,36193,36209,36217,36221,36223,36224,36256,36272,36280,36284,36286,36287,36319,36335,36343,36347,36349,36350,36382,36398,36406,36410,36412,36413,36445,36461,36469,36473,36475,36476,36508,36524,36532,36536,36538,36539,36571,36587,36595,36599,36601,36602,36634,36650,36658,36662,36664,36665,36697,36713,36721,36725,36727,36728,36760,36776,36784,36788,36790,36791,36823,36839,36847,36851,36853,36854,36886,36902,36910,36914,36916,36917,36949,36965,36973,36977,36979,36980,37012,37028,37036,37040,37042,37043,37075,37091,37099,37103,37105,37106,37138,37154,37162,37166,37168,37169,37201,37217,37225,37229,37231,37232,37264,37280,37288,37292,37294,37295,37327,37343,37351,37355,37357,37358,37390,37406,37414,37418,37420,37421,37453,37469,37477,37481,37483,37484,37516,37532,37540,37544,37546,37547,37579,37595,37603,37607,37609,37610,37642,37658,37666,37670,37672,37673,37705,37721,37729,37733,37735,37736,37768,37784,37792,37796,37798,37799,37831,37847,37855,37859,37861,37862,37894,37910,37918,37922,37924,37925,37957,37973,37981,37985,37987,37988,38020,38036,38044,38048,38050,38051,38083,38099,38107,38111,38113,38114,38146,38162,38170,38174,38176,38177,38209,38225,38233,38237,38239,38240,38272,38288,38296,38300,38302,38303,38335,38351,38359,38363,38365,38366,38398,38414,38422,38426,38428,38429,38461,38477,38485,38489,38491,38492,38524,38540,38548,38552,38554,38555,38587,38603,38611,38615,38617,38618,38650,38666,38674,38678,38680,38681,38713,38729,38737,38741,38743,38744,38776,38792,38800,38804,38806,38807,38839,38855,38863,38867,38869,38870,38902,38918,38926,38930,38932,38933,38965,38981,38989,38993,38995,38996,39028,39044,39052,39056,39058,39059,39091,39107,39115,39119,39121,39122,39154,39170,39178,39182,39184,39185,39217,39233,39241,39245,39247,39248,39280,39296,39304,39308,39310,39311,39343,39359,39367,39371,39373,39374,39406,39422,39430,39434,39436,39437,39469,39485,39493,39497,39499,39500,39532,39548,39556,39560,39562,39563,39595,39611,39619,39623,39625,39626,39658,39674,39682,39686,39688,39689,39721,39737,39745,39749,39751,39752,39784,39800,39808,39812,39814,39815,39847,39863,39871,39875,39877,39878,39910,39926,39934,39938,39940,39941,39973,39989,39997,40001,40003,40004,40036,40052,40060,40064,40066,40067,40099,40115,40123,40127,40129,40130,40162,40178,40186,40190,40192,40193,40225,40241,40249,40253,40255,40256,40288,40304,40312,40316,40318,40319,40351,40367,40375,40379,40381,40382,40414,40430,40438,40442,40444,40445,40477,40493,40501,40505,40507,40508,40540,40556,40564,40568,40570,40571,40603,40619,40627,40631,40633,40634,40666,40682,40690,40694,40696,40697,40729,40745,40753,40757,40759,40760,40792,40808,40816,40820,40822,40823,40855,40871,40879,40883,40885,40886,40918,40934,40942,40946,40948,40949,40981,40997,41005,41009,41011,41012,41044,41060,41068,41072,41074,41075,41107,41123,41131,41135,41137,41138,41170,41186,41194,41198,41200,41201,41233,41249,41257,41261,41263,41264,41296,41312,41320,41324,41326,41327,41359,41375,41383,41387,41389,41390,41422,41438,41446,41450,41452,41453,41485,41501,41509,41513,41515,41516,41548,41564,41572,41576,41578,41579,41611,41627,41635,41639,41641,41642,41674,41690,41698,41702,41704,41705,41737,41753,41761,41765,41767,41768,41800,41816,41824,41828,41830,41831,41863,41879,41887,41891,41893,41894,41926,41942,41950,41954,41956,41957,41989,42005,42013,42017,42019,42020,42052,42068,42076,42080,42082,42083,42115,42131,42139,42143,42145,42146,42178,42194,42202,42206,42208,42209,42241,42257,42265,42269,42271,42272,42304,42320,42328,42332,42334,42335,42367,42383,42391,42395,42397,42398,42430,42446,42454,42458,42460,42461,42493,42509,42517,42521,42523,42524,42556,42572,42580,42584,42586,42587,42619,42635,42643,42647,42649,42650,42682,42698,42706,42710,42712,42713,42745,42761,42769,42773,42775,42776,42808,42824,42832,42836,42838,42839,42871,42887,42895,42899,42901,42902,42934,42950,42958,42962,42964,42965,42997,43013,43021,43025,43027,43028,43060,43076,43084,43088,43090,43091,43123,43139,43147,43151,43153,43154,43186,43202,43210,43214,43216,43217,43249,43265,43273,43277,43279,43280,43312,43328,43336,43340,43342,43343,43375,43391,43399,43403,43405,43406,43438,43454,43462,43466,43468,43469,43501,43517,43525,43529,43531,43532,43564,43580,43588,43592,43594,43595,43627,43643,43651,43655,43657,43658,43690,43706,43714,43718,43720,43721,43753,43769,43777,43781,43783,43784,43816,43832,43840,43844,43846,43847,43879,43895,43903,43907,43909,43910,43942,43958,43966,43970,43972,43973,44005,44021,44029,44033,44035,44036,44068,44084,44092,44096,44098,44099,44131,44147,44155,44159,44161,44162,44194,44210,44218,44222,44224,44225,44257,44273,44281,44285,44287,44288,44320,44336,44344,4434
