C:\me\Haskell\CollatzMod>CollatzMod
素数pを入力してください
73
Z/pZ : [0,1,2,3,4,5,6,7,8,9,10,11,12,13,14,15,16,17,18,19,20,21,22,23,24,25,26,27,28,29,30,31,32,33,34,35,36,37,38,39,40,41,42,43,44,45,46,47,48,49,50,51,52,53,54,55,56,57,58,59,60,61,62,63,64,65,66,67,68,69,70,71,72]
A : [[0],[1,2,4,8,16,32,37,55,64],[3,6,12,19,23,24,38,46,48],[5,7,10,14,20,28,39,40,56],[9,18,36,41,57,65,69,71,72],[11,15,21,22,30,42,44,47,60],[13,26,29,31,43,51,52,58,62],[17,33,34,45,53,59,63,66,68],[25,27,35,49,50,54,61,67,70]]
Z/3pZ : [0,1,2,3,4,5,6,7,8,9,10,11,12,13,14,15,16,17,18,19,20,21,22,23,24,25,26,27,28,29,30,31,32,33,34,35,36,37,38,39,40,41,42,43,44,45,46,47,48,49,50,51,52,53,54,55,56,57,58,59,60,61,62,63,64,65,66,67,68,69,70,71,72,73,74,75,76,77,78,79,80,81,82,83,84,85,86,87,88,89,90,91,92,93,94,95,96,97,98,99,100,101,102,103,104,105,106,107,108,109,110,111,112,113,114,115,116,117,118,119,120,121,122,123,124,125,126,127,128,129,130,131,132,133,134,135,136,137,138,139,140,141,142,143,144,145,146,147,148,149,150,151,152,153,154,155,156,157,158,159,160,161,162,163,164,165,166,167,168,169,170,171,172,173,174,175,176,177,178,179,180,181,182,183,184,185,186,187,188,189,190,191,192,193,194,195,196,197,198,199,200,201,202,203,204,205,206,207,208,209,210,211,212,213,214,215,216,217,218]
B : [[1,2,4,8,16,32,37,55,64,74,77,89,110,128,137,148,154,178],[5,7,10,14,20,28,40,56,80,83,101,112,113,151,160,166,185,202],[11,22,44,47,88,94,95,103,115,133,157,161,167,176,188,190,193,206],[13,26,29,31,43,52,58,62,86,104,116,124,125,131,172,175,197,208],[17,34,53,59,68,106,107,118,136,139,163,179,191,199,205,209,212,214],[19,23,38,46,76,79,85,92,97,119,121,149,152,158,169,170,184,194],[25,35,49,50,61,67,70,98,100,122,127,134,140,143,173,181,196,200],[41,65,71,82,91,109,130,142,145,155,164,182,187,203,211,215,217,218]]
(3) tuple : [(0,Just 0),(1,Just 0),(1,Just 1),(2,Just 1),(1,Just 3),(3,Just 0),(2,Just 5),(3,Just 2),(1,Just 6),(4,Just 1),(3,Just 3),(5,Just 4),(2,Just 0),(6,Just 1),(5,Just 5),(7,Just 3),(4,Just 0),(2,Just 3),(3,Just 6),(5,Just 0),(5,Just 6),(2,Just 6),(2,Nothing),(8,Just 5),(6,Just 5),(8,Just 7),(3,Just 5),(6,Just 2),(5,Just 7),(1,Just 5),(7,Just 6),(7,Just 2),(8,Just 4),(4,Just 7),(2,Just 2),(3,Just 4),(4,Just 3),(6,Just 7),(5,Just 2),(7,Just 4),(2,Just 4),(2,Just 7),(8,Just 0),(8,Just 1),(6,Just 0),(7,Just 1),(6,Just 3),(7,Just 0),(1,Just 2),(4,Just 6),(4,Just 4)]
(4) A' No. : [0,1,3,4,5,6,7,8]

C : [[5,10,20,40,80,113,160,226,247,320,331,385,452,494,521,589,623,640],[7,14,28,56,83,112,166,185,224,239,299,332,370,421,448,478,539,598],[11,22,44,47,88,94,95,103,167,176,188,190,206,334,352,376,380,412],[13,26,31,43,52,62,86,104,124,172,175,208,248,335,344,350,416,496],[17,34,68,136,163,205,272,326,337,410,431,497,544,577,617,637,647,652],[19,38,76,149,152,169,265,298,304,338,403,413,461,530,535,559,596,608],[23,46,79,85,92,158,170,184,257,316,340,368,371,457,514,557,607,632],[25,50,100,143,200,286,289,317,341,400,473,487,499,565,572,578,611,634],[29,58,116,125,131,197,232,250,262,271,343,391,394,427,464,500,524,542],[35,67,70,134,140,173,181,268,269,280,346,362,415,419,463,536,538,560],[41,82,145,164,290,328,349,401,503,529,580,593,625,641,649,653,655,656],[49,61,98,122,127,196,244,254,319,353,359,392,488,505,508,581,619,638],[53,106,107,139,191,199,212,214,253,278,355,382,398,424,428,455,506,556],[59,118,179,209,236,287,325,358,418,433,472,491,545,574,601,629,643,650],[65,109,130,155,203,215,218,260,310,361,383,406,430,436,509,520,583,620],[71,91,142,182,187,211,217,284,301,364,374,422,434,437,479,547,568,602],[97,119,121,194,238,242,295,311,377,388,389,476,484,517,523,587,590,622],[101,151,202,229,233,259,275,302,379,404,443,445,458,466,518,550,551,604],[115,133,157,193,230,263,266,314,386,395,407,425,460,526,532,541,599,628],[161,241,307,313,322,409,449,482,485,533,553,571,595,605,614,626,631,644],[245,277,281,305,323,451,467,469,481,490,554,562,563,569,610,613,635,646]]
(6) tuple : [(0,Nothing),(0,Just 1),(0,Just 3),(0,Just 7),(0,Just 11),(0,Just 16),(0,Just 18),(0,Just 8),(0,Just 9),(0,Just 0),(0,Just 2),(0,Just 17),(0,Just 5)]
一度も現れなかったCi : [4,6,10,12,13,14,15,19,20]

D : [[17,34,68,136,205,272,410,497,544,617,647,820,994,1088,1234,1294,1309,1640],[163,326,337,577,637,652,674,725,929,1067,1154,1274,1304,1348,1450,1519,1745,1858],[431,691,793,862,983,1201,1331,1382,1477,1586,1651,1724,1811,1891,1931,1951,1961,1966]]
(8) tuple : [(0,Nothing),(0,Just 0),(1,Nothing),(1,Just 1),(2,Just 0),(2,Nothing),(3,Nothing),(5,Nothing),(7,Nothing),(7,Just 2),(8,Nothing),(9,Nothing),(9,Just 0),(11,Nothing),(11,Just 1),(16,Nothing),(17,Nothing),(17,Just 2),(18,Nothing),(18,Just 2)]
一度も現れなかったDi : []

D : [[23,46,92,184,368,371,736,742,973,997,1171,1472,1484,1571,1771,1871,1921,1946],[79,85,158,170,257,316,340,514,557,632,680,749,1025,1028,1114,1264,1360,1498],[457,607,703,815,827,841,914,1214,1289,1337,1393,1399,1406,1630,1654,1682,1685,1828]]
(8) tuple : [(0,Nothing),(0,Just 1),(0,Just 0),(1,Nothing),(1,Just 1),(1,Just 0),(2,Nothing),(3,Nothing),(3,Just 1),(5,Nothing),(5,Just 2),(7,Nothing),(7,Just 1),(8,Nothing),(8,Just 2),(9,Nothing),(9,Just 2),(11,Nothing),(11,Just 0),(16,Nothing),(16,Just 0),(17,Nothing),(17,Just 2),(18,Nothing)]
一度も現れなかったDi : []

D : [[41,82,164,328,401,503,593,641,653,656,802,1006,1186,1237,1282,1306,1312,1604],[145,290,349,529,580,625,649,655,698,821,1058,1160,1250,1298,1310,1313,1396,1642],[739,947,985,1355,1459,1478,1663,1715,1817,1843,1894,1907,1939,1955,1963,1967,1969,1970]]
(8) tuple : [(0,Nothing),(1,Nothing),(2,Nothing),(2,Just 1),(2,Just 0),(3,Nothing),(3,Just 1),(3,Just 0),(5,Nothing),(7,Nothing),(8,Nothing),(8,Just 1),(8,Just 0),(9,Nothing),(11,Nothing),(16,Nothing),(17,Nothing),(18,Nothing),(18,Just 1),(18,Just 0)]
一度も現れなかったDi : [2]

D' : [[415,419,727,791,830,838,937,1193,1195,1349,1381,1454,1582,1583,1660,1676,1777,1874,2386,2390,2698,2762,2801,2809,2908,3164,3166,3320,3352,3425,3553,3554,3631,3647,3748,3845,4357,4361,4669,4733,4772,4780,4879,5135,5137,5291,5323,5396,5524,5525,5602,5618,5719,5816]]
(8)' tuple : [(0,Nothing),(1,Nothing)]
一度も現れなかったDi' : [0,1,2]

CollatzMod: Prelude.!!: index too large

C:\me\Haskell\CollatzMod>
